NUMPOLLIES 800

////////////////////
//308 오른쪽문 
TEXTURE 21
2.13	0.81	-1.999	1.0 0.0
2.13	0.0	-1.999	1.0 1.0
2.503	0.0	-1.999	0.0 1.0
2.503	0.81	-1.999	0.0 0.0

TEXTURE 21
2.12	0.81	-1.999	1.0 0.0
2.12	0.0	-1.999	1.0 1.0
1.723	0.0	-1.999	0.0 1.0
1.723	0.81	-1.999	0.0 0.0

//계단

//위로 올라가는 계단///////////

//난간/////
TEXTURE 18
3.8  0.3       0 0.0 1.0
3.8  0        0.0 0.0 0.0
3.8  0.4885       	   0.405 1.0 0.0
3.8  0.7885       0.405 1.0 1.0

TEXTURE 18
3.8  0.7885       0.405 0.0 1.0
3.8  0.4885       0.405 0 0.0 0.0
3.8  0.977    	   0 1.0 0.0
3.8  1.277       0 1.0 1.0

TEXTURE 18
-3.8  0.3       0 0.0 1.0
-3.8  0          0.0 0.0 0.0
-3.8  0.4885       	   0.405 1.0 0.0
-3.8  0.7885       0.405 1.0 1.0

TEXTURE 18
-3.8  0.7885       0.405 0.0 1.0
-3.8  0.4885       0.405 0 0.0 0.0
-3.8  0.977    	   0 1.0 0.0
-3.8  1.277       0 1.0 1.0
/////////

TEXTURE 18
3.8  0.3       0 0.0 1.0
3.8  0          0.0 0.0 0.0
3.8  -0.4885       	   0.405 1.0 0.0
3.8  -0.1885       0.405 1.0 1.0

TEXTURE 18
3.8  -0.1885       0.405 0.0 1.0
3.8  -0.4885       0.405 0 0.0 0.0
3.8  -0.977    	   0 1.0 0.0
3.8  -0.677       0 1.0 1.0

TEXTURE 18
-3.8  0.3       0 0.0 1.0
-3.8  0          0.0 0.0 0.0
-3.8  -0.4885       	   0.405 1.0 0.0
-3.8  -0.1885       0.405 1.0 1.0

TEXTURE 18
-3.8  -0.1885       0.405 0.0 1.0
-3.8  -0.4885       0.405 0 0.0 0.0
-3.8  -0.977    	   0 1.0 0.0
-3.8  -0.677       0 1.0 1.0

////
//follow down Step Front 1
TEXTURE 15
3.1  0.977       0.0 0.0 1.0
3.1  0.902    0.0 0.0 0.0
3.8  0.902    0.0 1.0 0.0
3.8  0.977       0.0 1.0 1.0

//follow down Step Top 1
TEXTURE 14
3.1  0.902   0.0  0.0 1.0
3.1  0.902   0.103  0.0 0.0
3.8  0.902   0.103  1.0 0.0
3.8  0.902   0.0  1.0 1.04

//follow down Step Thickness 1
TEXTURE 14
3.1  0.902   0.103 0.0 1.0
3.1  0.8943  0.103 0.0 0.0
3.8  0.8943  0.103 1.0 0.0
3.8  0.902   0.103 1.0 1.0

//follow down Step Thickness Underneath 1
TEXTURE 14
3.1  0.8943   0.103  0.0 1.0
3.1  0.8943   0.073  0.0 0.0
3.8  0.8943   0.073  1.0 0.0
3.8  0.8943   0.103  1.0 1.0

//follow down Step Front 2
TEXTURE 15
3.1  0.8943     0.073 0.0 1.0
3.1  0.8193     0.073 0.0 0.0
3.8  0.8193     0.073 1.0 0.0
3.8  0.8943     0.073 1.0 1.0

//follow down Step Top 2
TEXTURE 14
3.1  0.8193    0.073  0.0 1.0
3.1  0.8193    0.186  0.0 0.0
3.8  0.8193    0.186  1.0 0.0
3.8  0.8193    0.073  1.0 1.0

//follow down Step Thickness 2
TEXTURE 14
3.1  0.8193   0.186 0.0 1.0
3.1  0.8116    0.186 0.0 0.0
3.8  0.8116    0.186 1.0 0.0
3.8  0.8193   0.186 1.0 1.0

//follow down Step Thickness Underneath 2
TEXTURE 14
3.1  0.8116    0.186  0.0 1.0
3.1  0.8116    0.156  0.0 0.0
3.8  0.8116    0.156  1.0 0.0
3.8  0.8116    0.186  1.0 1.0

//follow down Step Front 3
TEXTURE 15
3.1  0.8116    0.156 0.0 1.0
3.1  0.7366    0.156 0.0 0.0
3.8  0.7366    0.156 1.0 0.0
3.8  0.8116     0.156 1.0 1.0

//follow down Step Top 3
TEXTURE 14
3.1  0.7366   0.156  0.0 1.0
3.1  0.7366   0.269  0.0 0.0
3.8  0.7366   0.269  1.0 0.0
3.8  0.7366   0.156  1.0 1.0

//follow down Step Thickness 3
TEXTURE 14
3.1  0.7366   0.269 0.0 1.0
3.1  0.7289   0.269 0.0 0.0
3.8  0.7289   0.269 1.0 0.0
3.8  0.7366   0.269 1.0 1.0

//follow down Step Thickness Underneath 3
TEXTURE 14
3.1  0.7289   0.269  0.0 1.0
3.1  0.7289   0.239  0.0 0.0
3.8  0.7289   0.239  1.0 0.0
3.8  0.7289   0.269  1.0 1.0

//follow down Step Front 4
TEXTURE 15
3.1  0.7289    0.239 0.0 1.0
3.1  0.6539    0.239 0.0 0.0
3.8  0.6539    0.239 1.0 0.0
3.8  0.7289    0.239 1.0 1.0

//follow down Step Top 4
TEXTURE 14
3.1  0.6539   0.239  0.0 1.0
3.1  0.6539   0.352  0.0 0.0
3.8  0.6539   0.352  1.0 0.0
3.8  0.6539   0.239  1.0 1.0

//follow down Step Thickness 4
TEXTURE 14
3.1  0.6539   0.352 0.0 1.0
3.1  0.6462   0.352 0.0 0.0
3.8  0.6462   0.352 1.0 0.0
3.8  0.6539   0.352 1.0 1.0

//follow down Step Thickness Underneath 4
TEXTURE 14
3.1  0.6462   0.352  0.0 1.0
3.1  0.6462   0.322  0.0 0.0
3.8  0.6462   0.322  1.0 0.0
3.8  0.6462   0.352  1.0 1.0

//follow down Step Front 5
TEXTURE 15
3.1   0.6462   0.322 0.0 1.0
3.1   0.5712   0.322 0.0 0.0
3.8   0.5712   0.322 1.0 0.0
3.8   0.6462    0.322 1.0 1.0

//follow down Step Top 5
TEXTURE 14
3.1   0.5712   0.322  0.0 1.0
3.1   0.5712   0.435  0.0 0.0
3.8   0.5712   0.435  1.0 0.0
3.8   0.5712   0.322  1.0 1.0

//follow down Step Thickness 5
TEXTURE 14
3.1  0.5712   0.435 0.0 1.0
3.1  0.5635   0.435 0.0 0.0
3.8  0.5635   0.435 1.0 0.0
3.8  0.5712   0.435 1.0 1.0

//follow down Step Thickness Underneath 5
TEXTURE 14
3.1  0.5635   0.435  0.0 1.0
3.1  0.5635   0.405  0.0 0.0
3.8  0.5635   0.405  1.0 0.0
3.8  0.5635   0.435  1.0 1.0

//follow down Step Front 6
TEXTURE 15
3.1  0.5635   0.405 0.0 1.0
3.1  0.4885   0.405 0.0 0.0
3.8  0.4885   0.405 1.0 0.0
3.8  0.5635   0.405 1.0 1.0

//the follow down Step Front 1
TEXTURE 15
3.81  0.4135   0.405 0.0 1.0
3.81  0.4885   0.405 0.0 0.0
4.51  0.4885   0.405 1.0 0.0
4.51  0.4135   0.405 1.0 1.0

//the follow down Step Top 1
TEXTURE 14
3.81  0.4135   0.405  0.0 1.0
3.81  0.4135   0.292  0.0 0.0
4.51  0.4135   0.292  1.0 0.0
4.51  0.4135   0.405  1.0 1.0

//the follow down Step Thickness 1
TEXTURE 14
3.81  0.4058   0.292 0.0 1.0
3.81  0.4135   0.292 0.0 0.0
4.51  0.4135   0.292 1.0 0.0
4.51  0.4058   0.292 1.0 1.0

//the follow down Step Thickness Underneath 1
TEXTURE 14
3.81  0.4058   0.292  0.0 1.0
3.81  0.4058   0.322  0.0 0.0
4.51  0.4058   0.322  1.0 0.0
4.51  0.4058   0.292  1.0 1.0

//the follow down Step Front 2
TEXTURE 15
3.81  0.4058   0.322 0.0 1.0
3.81  0.3308   0.322 0.0 0.0
4.51  0.3308   0.322 1.0 0.0
4.51  0.4058   0.322 1.0 1.0

//the follow down Step Top 2
TEXTURE 14
3.81  0.3308   0.322  0.0 1.0
3.81  0.3308   0.209  0.0 0.0
4.51  0.3308   0.209  1.0 0.0
4.51  0.3308   0.322  1.0 1.0

//the follow down Step Thickness 2
TEXTURE 14
3.81  0.3308   0.209 0.0 1.0
3.81  0.3231   0.209 0.0 0.0
4.51  0.3231   0.209 1.0 0.0
4.51  0.3308   0.209 1.0 1.0

//the follow down Step Thickness Underneath 2
TEXTURE 14
3.81  0.3231   0.209  0.0 1.0
3.81  0.3231   0.239  0.0 0.0
4.51  0.3231   0.239  1.0 0.0
4.51  0.3231   0.209  1.0 1.0

//the follow down Step Front 3
TEXTURE 15
3.81  0.3231   0.239 0.0 1.0
3.81  0.2481   0.239 0.0 0.0
4.51  0.2481   0.239 1.0 0.0
4.51  0.3231   0.239 1.0 1.0

//the follow down Step Top 3
TEXTURE 14
3.81  0.2481   0.239  0.0 1.0
3.81  0.2481   0.126  0.0 0.0
4.51  0.2481   0.126  1.0 0.0
4.51  0.2481   0.239  1.0 1.0

//the follow down Step Thickness 3
TEXTURE 14
3.81  0.2481   0.126 0.0 1.0
3.81  0.2404   0.126 0.0 0.0
4.51  0.2404   0.126 1.0 0.0
4.51  0.2481   0.126 1.0 1.0

//the follow down Step Thickness Underneath 3
TEXTURE 14
3.81  0.2404   0.126  0.0 1.0
3.81  0.2404   0.156  0.0 0.0
4.51  0.2404   0.156  1.0 0.0
4.51  0.2404   0.126  1.0 1.0

//the follow down Step Front 4
TEXTURE 15
3.81  0.2404   0.156 0.0 1.0
3.81  0.1654   0.156 0.0 0.0
4.51  0.1654   0.156 1.0 0.0
4.51  0.2404   0.156 1.0 1.0

//the follow down Step Top 4
TEXTURE 14
3.81  0.1654   0.156  0.0 1.0
3.81  0.1654   0.043  0.0 0.0
4.51  0.1654   0.043  1.0 0.0
4.51  0.1654   0.156  1.0 1.0

//the follow down Step Thickness 4
TEXTURE 14
3.81  0.1654   0.043 0.0 1.0
3.81  0.1577   0.043 0.0 0.0
4.51  0.1577   0.043 1.0 0.0
4.51  0.1654   0.043 1.0 1.0

//the follow down Step Thickness Underneath 4
TEXTURE 14
3.81  0.1577   0.043  0.0 1.0
3.81  0.1577   0.073  0.0 0.0
4.51  0.1577   0.073  1.0 0.0
4.51  0.1577   0.043  1.0 1.0

//the follow down Step Front 5
TEXTURE 15
3.81  0.1577   0.073 0.0 1.0
3.81  0.0827   0.073 0.0 0.0
4.51  0.0827   0.073 1.0 0.0
4.51  0.1577   0.073 1.0 1.0

//the follow down Step Top 5
TEXTURE 14
3.81  0.0827   0.073  0.0 1.0
3.81  0.0827   -0.04  0.0 0.0
4.51  0.0827   -0.04  1.0 0.0
4.51  0.0827   0.073  1.0 1.0

//the follow down Step Thickness 5
TEXTURE 14
3.81  0.0827   -0.04 0.0 1.0
3.81  0.075   -0.04 0.0 0.0
4.51  0.075   -0.04 1.0 0.0
4.51  0.0827   -0.04 1.0 1.0

//the follow down Step Thickness Underneath 5
TEXTURE 14
3.81  0.075   -0.04  0.0 1.0
3.81  0.075   -0.01  0.0 0.0
4.51  0.075   -0.01  1.0 0.0
4.51  0.075   -0.04  1.0 1.0

//the follow down Step Front 6
TEXTURE 15
3.81  0.075   -0.01 0.0 1.0
3.81  0.0   -0.01 0.0 0.0
4.51  0.0   -0.01 1.0 0.0
4.51  0.075   -0.01 1.0 1.0





////
//follow near down Step Front 1
TEXTURE 15
-3.1  0.977       0.0 0.0 1.0
-3.1  0.902    0.0 0.0 0.0
-3.8  0.902    0.0 1.0 0.0
-3.8  0.977       0.0 1.0 1.0

//follow near down Step Top 1
TEXTURE 14
-3.1  0.902   0.0  0.0 1.0
-3.1  0.902   0.103  0.0 0.0
-3.8  0.902   0.103  1.0 0.0
-3.8  0.902   0.0  1.0 1.0

//follow near down Step Thickness 1
TEXTURE 14
-3.1  0.902   0.103 0.0 1.0
-3.1  0.8943  0.103 0.0 0.0
-3.8  0.8943  0.103 1.0 0.0
-3.8  0.902   0.103 1.0 1.0

//follow near down Step Thickness Underneath 1
TEXTURE 14
-3.1  0.8943   0.103  0.0 1.0
-3.1  0.8943   0.073  0.0 0.0
-3.8  0.8943   0.073  1.0 0.0
-3.8  0.8943   0.103  1.0 1.0

//follow near down Step Front 2
TEXTURE 15
-3.1  0.8943     0.073 0.0 1.0
-3.1  0.8193     0.073 0.0 0.0
-3.8  0.8193     0.073 1.0 0.0
-3.8  0.8943     0.073 1.0 1.0

//follow near down Step Top 2
TEXTURE 14
-3.1  0.8193    0.073  0.0 1.0
-3.1  0.8193    0.186  0.0 0.0
-3.8  0.8193    0.186  1.0 0.0
-3.8  0.8193    0.073  1.0 1.0

//follow near down Step Thickness 2
TEXTURE 14
-3.1  0.8193   0.186 0.0 1.0
-3.1  0.8116    0.186 0.0 0.0
-3.8  0.8116    0.186 1.0 0.0
-3.8  0.8193   0.186 1.0 1.0

//follow near down Step Thickness Underneath 2
TEXTURE 14
-3.1  0.8116    0.186  0.0 1.0
-3.1  0.8116    0.156  0.0 0.0
-3.8  0.8116    0.156  1.0 0.0
-3.8  0.8116    0.186  1.0 1.0

//follow near down Step Front 3
TEXTURE 15
-3.1  0.8116    0.156 0.0 1.0
-3.1  0.7366    0.156 0.0 0.0
-3.8  0.7366    0.156 1.0 0.0
-3.8  0.8116     0.156 1.0 1.0

//follow near down Step Top 3
TEXTURE 14
-3.1  0.7366   0.156  0.0 1.0
-3.1  0.7366   0.269  0.0 0.0
-3.8  0.7366   0.269  1.0 0.0
-3.8  0.7366   0.156  1.0 1.0

//follow near down Step Thickness 3
TEXTURE 14
-3.1  0.7366   0.269 0.0 1.0
-3.1  0.7289   0.269 0.0 0.0
-3.8  0.7289   0.269 1.0 0.0
-3.8  0.7366   0.269 1.0 1.0

//follow near down Step Thickness Underneath 3
TEXTURE 14
-3.1  0.7289   0.269  0.0 1.0
-3.1  0.7289   0.239  0.0 0.0
-3.8  0.7289   0.239  1.0 0.0
-3.8  0.7289   0.269  1.0 1.0

//follow near down Step Front 4
TEXTURE 15
-3.1  0.7289    0.239 0.0 1.0
-3.1  0.6539    0.239 0.0 0.0
-3.8  0.6539    0.239 1.0 0.0
-3.8  0.7289    0.239 1.0 1.0

//follow near down Step Top 4
TEXTURE 14
-3.1  0.6539   0.239  0.0 1.0
-3.1  0.6539   0.352  0.0 0.0
-3.8  0.6539   0.352  1.0 0.0
-3.8  0.6539   0.239  1.0 1.0

//follow near down Step Thickness 4
TEXTURE 14
-3.1  0.6539   0.352 0.0 1.0
-3.1  0.6462   0.352 0.0 0.0
-3.8  0.6462   0.352 1.0 0.0
-3.8  0.6539   0.352 1.0 1.0

//follow near down Step Thickness Underneath 4
TEXTURE 14
-3.1  0.6462   0.352  0.0 1.0
-3.1  0.6462   0.322  0.0 0.0
-3.8  0.6462   0.322  1.0 0.0
-3.8  0.6462   0.352  1.0 1.0

//follow near down Step Front 5
TEXTURE 15
-3.1   0.6462   0.322 0.0 1.0
-3.1   0.5712   0.322 0.0 0.0
-3.8   0.5712   0.322 1.0 0.0
-3.8   0.6462    0.322 1.0 1.0

//follow near down Step Top 5
TEXTURE 14
-3.1   0.5712   0.322  0.0 1.0
-3.1   0.5712   0.435  0.0 0.0
-3.8   0.5712   0.435  1.0 0.0
-3.8   0.5712   0.322  1.0 1.0

//follow near down Step Thickness 5
TEXTURE 14
-3.1  0.5712   0.435 0.0 1.0
-3.1  0.5635   0.435 0.0 0.0
-3.8  0.5635   0.435 1.0 0.0
-3.8  0.5712   0.435 1.0 1.0

//follow near down Step Thickness Underneath 5
TEXTURE 14
-3.1  0.5635   0.435  0.0 1.0
-3.1  0.5635   0.405  0.0 0.0
-3.8  0.5635   0.405  1.0 0.0
-3.8  0.5635   0.435  1.0 1.0

//follow near down Step Front 6
TEXTURE 15
-3.1  0.5635   0.405 0.0 1.0
-3.1  0.4885   0.405 0.0 0.0
-3.8  0.4885   0.405 1.0 0.0
-3.8  0.5635   0.405 1.0 1.0

//the follow near down Step Front 1
TEXTURE 15
-3.81  0.4135   0.405 0.0 1.0
-3.81  0.4885   0.405 0.0 0.0
-4.51  0.4885   0.405 1.0 0.0
-4.51  0.4135   0.405 1.0 1.0

//the follow near down Step Top 1
TEXTURE 14
-3.81  0.4135   0.405  0.0 1.0
-3.81  0.4135   0.292  0.0 0.0
-4.51  0.4135   0.292  1.0 0.0
-4.51  0.4135   0.405  1.0 1.0

//the follow near down Step Thickness 1
TEXTURE 14
-3.81  0.4058   0.292 0.0 1.0
-3.81  0.4135   0.292 0.0 0.0
-4.51  0.4135   0.292 1.0 0.0
-4.51  0.4058   0.292 1.0 1.0

//the follow near down Step Thickness Underneath 1
TEXTURE 14
-3.81  0.4058   0.292  0.0 1.0
-3.81  0.4058   0.322  0.0 0.0
-4.51  0.4058   0.322  1.0 0.0
-4.51  0.4058   0.292  1.0 1.0

//the follow near down Step Front 2
TEXTURE 15
-3.81  0.4058   0.322 0.0 1.0
-3.81  0.3308   0.322 0.0 0.0
-4.51  0.3308   0.322 1.0 0.0
-4.51  0.4058   0.322 1.0 1.0

//the follow near down Step Top 2
TEXTURE 14
-3.81  0.3308   0.322  0.0 1.0
-3.81  0.3308   0.209  0.0 0.0
-4.51  0.3308   0.209  1.0 0.0
-4.51  0.3308   0.322  1.0 1.0

//the follow near down Step Thickness 2
TEXTURE 14
-3.81  0.3308   0.209 0.0 1.0
-3.81  0.3231   0.209 0.0 0.0
-4.51  0.3231   0.209 1.0 0.0
-4.51  0.3308   0.209 1.0 1.0

//the follow near down Step Thickness Underneath 2
TEXTURE 14
-3.81  0.3231   0.209  0.0 1.0
-3.81  0.3231   0.239  0.0 0.0
-4.51  0.3231   0.239  1.0 0.0
-4.51  0.3231   0.209  1.0 1.0

//the follow near down Step Front 3
TEXTURE 15
-3.81  0.3231   0.239 0.0 1.0
-3.81  0.2481   0.239 0.0 0.0
-4.51  0.2481   0.239 1.0 0.0
-4.51  0.3231   0.239 1.0 1.0

//the follow near down Step Top 3
TEXTURE 14
-3.81  0.2481   0.239  0.0 1.0
-3.81  0.2481   0.126  0.0 0.0
-4.51  0.2481   0.126  1.0 0.0
-4.51  0.2481   0.239  1.0 1.0

//the follow near down Step Thickness 3
TEXTURE 14
-3.81  0.2481   0.126 0.0 1.0
-3.81  0.2404   0.126 0.0 0.0
-4.51  0.2404   0.126 1.0 0.0
-4.51  0.2481   0.126 1.0 1.0

//the follow near down Step Thickness Underneath 3
TEXTURE 14
-3.81  0.2404   0.126  0.0 1.0
-3.81  0.2404   0.156  0.0 0.0
-4.51  0.2404   0.156  1.0 0.0
-4.51  0.2404   0.126  1.0 1.0

//the follow near down Step Front 4
TEXTURE 15
-3.81  0.2404   0.156 0.0 1.0
-3.81  0.1654   0.156 0.0 0.0
-4.51  0.1654   0.156 1.0 0.0
-4.51  0.2404   0.156 1.0 1.0

//the follow near down Step Top 4
TEXTURE 14
-3.81  0.1654   0.156  0.0 1.0
-3.81  0.1654   0.043  0.0 0.0
-4.51  0.1654   0.043  1.0 0.0
-4.51  0.1654   0.156  1.0 1.0

//the follow near down Step Thickness 4
TEXTURE 14
-3.81  0.1654   0.043 0.0 1.0
-3.81  0.1577   0.043 0.0 0.0
-4.51  0.1577   0.043 1.0 0.0
-4.51  0.1654   0.043 1.0 1.0

//the follow near down Step Thickness Underneath 4
TEXTURE 14
-3.81  0.1577   0.043  0.0 1.0
-3.81  0.1577   0.073  0.0 0.0
-4.51  0.1577   0.073  1.0 0.0
-4.51  0.1577   0.043  1.0 1.0

//the follow near down Step Front 5
TEXTURE 15
-3.81  0.1577   0.073 0.0 1.0
-3.81  0.0827   0.073 0.0 0.0
-4.51  0.0827   0.073 1.0 0.0
-4.51  0.1577   0.073 1.0 1.0

//the follow near down Step Top 5
TEXTURE 14
-3.81  0.0827   0.073  0.0 1.0
-3.81  0.0827   -0.04  0.0 0.0
-4.51  0.0827   -0.04  1.0 0.0
-4.51  0.0827   0.073  1.0 1.0

//the follow near down Step Thickness 5
TEXTURE 14
-3.81  0.0827   -0.04 0.0 1.0
-3.81  0.075   -0.04 0.0 0.0
-4.51  0.075   -0.04 1.0 0.0
-4.51  0.0827   -0.04 1.0 1.0

//the follow near down Step Thickness Underneath 5
TEXTURE 14
-3.81  0.075   -0.04  0.0 1.0
-3.81  0.075   -0.01  0.0 0.0
-4.51  0.075   -0.01  1.0 0.0
-4.51  0.075   -0.04  1.0 1.0

//the follow near down Step Front 6
TEXTURE 15
-3.81  0.075   -0.01 0.0 1.0
-3.81  0.0   -0.01 0.0 0.0
-4.51  0.0   -0.01 1.0 0.0
-4.51  0.075   -0.01 1.0 1.0


////////////////////////////

//near down Step Front 1
TEXTURE 15
-3.1  0.0       0.0 0.0 1.0
-3.1  -0.075    0.0 0.0 0.0
-3.8  -0.075    0.0 1.0 0.0
-3.8  0.0       0.0 1.0 1.0

//near down Step Top 1
TEXTURE 14
-3.1  -0.075   0.0  0.0 1.0
-3.1  -0.075   0.103  0.0 0.0
-3.8  -0.075   0.103  1.0 0.0
-3.8  -0.075   0.0  1.0 1.0

//near down Step Thickness 1
TEXTURE 14
-3.1  -0.075   0.103 0.0 1.0
-3.1  -0.0827  0.103 0.0 0.0
-3.8  -0.0827  0.103 1.0 0.0
-3.8  -0.075   0.103 1.0 1.0

//near down Step Thickness Underneath 1
TEXTURE 14
-3.1  -0.0827   0.103  0.0 1.0
-3.1  -0.0827   0.073  0.0 0.0
-3.8  -0.0827   0.073  1.0 0.0
-3.8  -0.0827   0.103  1.0 1.0

//near down Step Front 2
TEXTURE 15
-3.1  -0.0827     0.073 0.0 1.0
-3.1  -0.1577     0.073 0.0 0.0
-3.8  -0.1577     0.073 1.0 0.0
-3.8  -0.0827     0.073 1.0 1.0

//near down Step Top 2
TEXTURE 14
-3.1  -0.1577    0.073  0.0 1.0
-3.1  -0.1577    0.186  0.0 0.0
-3.8  -0.1577    0.186  1.0 0.0
-3.8  -0.1577    0.073  1.0 1.0

//near down Step Thickness 2
TEXTURE 14
-3.1  -0.1577   0.186 0.0 1.0
-3.1  -0.1654   0.186 0.0 0.0
-3.8  -0.1654   0.186 1.0 0.0
-3.8  -0.1577   0.186 1.0 1.0

//near down Step Thickness Underneath 2
TEXTURE 14
-3.1  -0.1654   0.186  0.0 1.0
-3.1  -0.1654   0.156  0.0 0.0
-3.8  -0.1654   0.156  1.0 0.0
-3.8  -0.1654   0.186  1.0 1.0

//near down Step Front 3
TEXTURE 15
-3.1  -0.1654    0.156 0.0 1.0
-3.1  -0.2404    0.156 0.0 0.0
-3.8  -0.2404    0.156 1.0 0.0
-3.8  -0.1654    0.156 1.0 1.0

//near down Step Top 3
TEXTURE 14
-3.1  -0.2404   0.156  0.0 1.0
-3.1  -0.2404   0.269  0.0 0.0
-3.8  -0.2404   0.269  1.0 0.0
-3.8  -0.2404   0.156  1.0 1.0

//near down Step Thickness 3
TEXTURE 14
-3.1  -0.2404   0.269 0.0 1.0
-3.1  -0.2481   0.269 0.0 0.0
-3.8  -0.2481   0.269 1.0 0.0
-3.8  -0.2404   0.269 1.0 1.0

//near down Step Thickness Underneath 3
TEXTURE 14
-3.1  -0.2481   0.269  0.0 1.0
-3.1  -0.2481   0.239  0.0 0.0
-3.8  -0.2481   0.239  1.0 0.0
-3.8  -0.2481   0.269  1.0 1.0

//near down Step Front 4
TEXTURE 15
-3.1  -0.2481    0.239 0.0 1.0
-3.1  -0.3231    0.239 0.0 0.0
-3.8  -0.3231    0.239 1.0 0.0
-3.8  -0.2481    0.239 1.0 1.0

//near down Step Top 4
TEXTURE 14
-3.1  -0.3231   0.239  0.0 1.0
-3.1  -0.3231   0.352  0.0 0.0
-3.8  -0.3231   0.352  1.0 0.0
-3.8  -0.3231   0.239  1.0 1.0

//near down Step Thickness 4
TEXTURE 14
-3.1  -0.3231   0.352 0.0 1.0
-3.1  -0.3308   0.352 0.0 0.0
-3.8  -0.3308   0.352 1.0 0.0
-3.8  -0.3231   0.352 1.0 1.0

//near down Step Thickness Underneath 4
TEXTURE 14
-3.1  -0.3308   0.352  0.0 1.0
-3.1  -0.3308   0.322  0.0 0.0
-3.8  -0.3308   0.322  1.0 0.0
-3.8  -0.3308   0.352  1.0 1.0

//near down Step Front 5
TEXTURE 15
-3.1  -0.3308    0.322 0.0 1.0
-3.1  -0.4058    0.322 0.0 0.0
-3.8  -0.4058    0.322 1.0 0.0
-3.8  -0.3308    0.322 1.0 1.0

//near down Step Top 5
TEXTURE 14
-3.1  -0.4058   0.322  0.0 1.0
-3.1  -0.4058   0.435  0.0 0.0
-3.8  -0.4058   0.435  1.0 0.0
-3.8  -0.4058   0.322  1.0 1.0

//near down Step Thickness 5
TEXTURE 14
-3.1  -0.4058   0.435 0.0 1.0
-3.1  -0.4135   0.435 0.0 0.0
-3.8  -0.4135   0.435 1.0 0.0
-3.8  -0.4058   0.435 1.0 1.0

//near down Step Thickness Underneath 5
TEXTURE 14
-3.1  -0.4135   0.435  0.0 1.0
-3.1  -0.4135   0.405  0.0 0.0
-3.8  -0.4135   0.405  1.0 0.0
-3.8  -0.4135   0.435  1.0 1.0

//near down Step Front 6
TEXTURE 15
-3.1  -0.4135   0.405 0.0 1.0
-3.1  -0.4885   0.405 0.0 0.0
-3.8  -0.4885   0.405 1.0 0.0
-3.8  -0.4135   0.405 1.0 1.0

//the near down Step Front 1
TEXTURE 15
-3.81  -0.5635   0.405 0.0 1.0
-3.81  -0.4885   0.405 0.0 0.0
-4.51  -0.4885   0.405 1.0 0.0
-4.51  -0.5635   0.405 1.0 1.0

//the near down Step Top 1
TEXTURE 14
-3.81  -0.5635   0.405  0.0 1.0
-3.81  -0.5635   0.292  0.0 0.0
-4.51  -0.5635   0.292  1.0 0.0
-4.51  -0.5635   0.405  1.0 1.0

//the near down Step Thickness 1
TEXTURE 14
-3.81  -0.5712   0.292 0.0 1.0
-3.81  -0.5635   0.292 0.0 0.0
-4.51  -0.5635   0.292 1.0 0.0
-4.51  -0.5712   0.292 1.0 1.0

//the near down Step Thickness Underneath 1
TEXTURE 14
-3.81  -0.5712   0.292  0.0 1.0
-3.81  -0.5712   0.322  0.0 0.0
-4.51  -0.5712   0.322  1.0 0.0
-4.51  -0.5712   0.292  1.0 1.0

//the near down Step Front 2
TEXTURE 15
-3.81  -0.5712   0.322 0.0 1.0
-3.81  -0.6462   0.322 0.0 0.0
-4.51  -0.6462   0.322 1.0 0.0
-4.51  -0.5712   0.322 1.0 1.0

//the near down Step Top 2
TEXTURE 14
-3.81  -0.6462   0.322  0.0 1.0
-3.81  -0.6462   0.209  0.0 0.0
-4.51  -0.6462   0.209  1.0 0.0
-4.51  -0.6462   0.322  1.0 1.0

//the near down Step Thickness 2
TEXTURE 14
-3.81  -0.6462   0.209 0.0 1.0
-3.81  -0.6539   0.209 0.0 0.0
-4.51  -0.6539   0.209 1.0 0.0
-4.51  -0.6462   0.209 1.0 1.0

//the near down Step Thickness Underneath 2
TEXTURE 14
-3.81  -0.6539   0.209  0.0 1.0
-3.81  -0.6539   0.239  0.0 0.0
-4.51  -0.6539   0.239  1.0 0.0
-4.51  -0.6539   0.209  1.0 1.0

//the near down Step Front 3
TEXTURE 15
-3.81  -0.6539   0.239 0.0 1.0
-3.81  -0.7289   0.239 0.0 0.0
-4.51  -0.7289   0.239 1.0 0.0
-4.51  -0.6539   0.239 1.0 1.0

//the near down Step Top 3
TEXTURE 14
-3.81  -0.7289   0.239  0.0 1.0
-3.81  -0.7289   0.126  0.0 0.0
-4.51  -0.7289   0.126  1.0 0.0
-4.51  -0.7289   0.239  1.0 1.0

//the near down Step Thickness 3
TEXTURE 14
-3.81  -0.7289   0.126 0.0 1.0
-3.81  -0.7366   0.126 0.0 0.0
-4.51  -0.7366   0.126 1.0 0.0
-4.51  -0.7289   0.126 1.0 1.0

//the near down Step Thickness Underneath 3
TEXTURE 14
-3.81  -0.7366   0.126  0.0 1.0
-3.81  -0.7366   0.156  0.0 0.0
-4.51  -0.7366   0.156  1.0 0.0
-4.51  -0.7366   0.126  1.0 1.0

//the near down Step Front 4
TEXTURE 15
-3.81  -0.7366   0.156 0.0 1.0
-3.81  -0.8116   0.156 0.0 0.0
-4.51  -0.8116   0.156 1.0 0.0
-4.51  -0.7366   0.156 1.0 1.0

//the near down Step Top 4
TEXTURE 14
-3.81  -0.8116   0.156  0.0 1.0
-3.81  -0.8116   0.043  0.0 0.0
-4.51  -0.8116   0.043  1.0 0.0
-4.51  -0.8116   0.156  1.0 1.0

//the near down Step Thickness 4
TEXTURE 14
-3.81  -0.8116   0.043 0.0 1.0
-3.81  -0.8193   0.043 0.0 0.0
-4.51  -0.8193   0.043 1.0 0.0
-4.51  -0.8116   0.043 1.0 1.0

//the near down Step Thickness Underneath 4
TEXTURE 14
-3.81  -0.8193   0.043  0.0 1.0
-3.81  -0.8193   0.073  0.0 0.0
-4.51  -0.8193   0.073  1.0 0.0
-4.51  -0.8193   0.043  1.0 1.0

//the near down Step Front 5
TEXTURE 15
-3.81  -0.8193   0.073 0.0 1.0
-3.81  -0.8943   0.073 0.0 0.0
-4.51  -0.8943   0.073 1.0 0.0
-4.51  -0.8193   0.073 1.0 1.0

//the near down Step Top 5
TEXTURE 14
-3.81  -0.8943   0.073  0.0 1.0
-3.81  -0.8943   -0.04  0.0 0.0
-4.51  -0.8943   -0.04  1.0 0.0
-4.51  -0.8943   0.073  1.0 1.0

//the near down Step Thickness 5
TEXTURE 14
-3.81  -0.8943   -0.04 0.0 1.0
-3.81  -0.902   -0.04 0.0 0.0
-4.51  -0.902   -0.04 1.0 0.0
-4.51  -0.8943   -0.04 1.0 1.0

//the near down Step Thickness Underneath 5
TEXTURE 14
-3.81  -0.902   -0.04  0.0 1.0
-3.81  -0.902   -0.01  0.0 0.0
-4.51  -0.902   -0.01  1.0 0.0
-4.51  -0.902   -0.04  1.0 1.0

//the near down Step Front 6
TEXTURE 15
-3.81  -0.902   -0.01 0.0 1.0
-3.81  -0.977   -0.01 0.0 0.0
-4.51  -0.977   -0.01 1.0 0.0
-4.51  -0.902   -0.01 1.0 1.0


//계단
//Down Step Front 1
TEXTURE 15
3.1  0.0       0.0 0.0 1.0
3.1  -0.075    0.0 0.0 0.0
3.8  -0.075    0.0 1.0 0.0
3.8  0.0       0.0 1.0 1.0

//Down Step Top 1
TEXTURE 14
3.1  -0.075   0.0  0.0 1.0
3.1  -0.075   0.103  0.0 0.0
3.8  -0.075   0.103  1.0 0.0
3.8  -0.075   0.0  1.0 1.0


//Down Step Thickness 1
TEXTURE 14
3.1  -0.075   0.103 0.0 1.0
3.1  -0.0827  0.103 0.0 0.0
3.8  -0.0827  0.103 1.0 0.0
3.8  -0.075   0.103 1.0 1.0

//Down Step Thickness Underneath 1
TEXTURE 14
3.1  -0.0827   0.103  0.0 1.0
3.1  -0.0827   0.073  0.0 0.0
3.8  -0.0827   0.073  1.0 0.0
3.8  -0.0827   0.103  1.0 1.0

//Down Step Front 2
TEXTURE 15
3.1  -0.0827     0.073 0.0 1.0
3.1  -0.1577     0.073 0.0 0.0
3.8  -0.1577     0.073 1.0 0.0
3.8  -0.0827     0.073 1.0 1.0

//Down Step Top 2
TEXTURE 14
3.1  -0.1577    0.073  0.0 1.0
3.1  -0.1577    0.186  0.0 0.0
3.8  -0.1577    0.186  1.0 0.0
3.8  -0.1577    0.073  1.0 1.0

//Down Step Thickness 2
TEXTURE 14
3.1  -0.1577   0.186 0.0 1.0
3.1  -0.1654   0.186 0.0 0.0
3.8  -0.1654   0.186 1.0 0.0
3.8  -0.1577   0.186 1.0 1.0

//Down Step Thickness Underneath 2
TEXTURE 14
3.1  -0.1654   0.186  0.0 1.0
3.1  -0.1654   0.156  0.0 0.0
3.8  -0.1654   0.156  1.0 0.0
3.8  -0.1654   0.186  1.0 1.0

//Down Step Front 3
TEXTURE 15
3.1  -0.1654    0.156 0.0 1.0
3.1  -0.2404    0.156 0.0 0.0
3.8  -0.2404    0.156 1.0 0.0
3.8  -0.1654    0.156 1.0 1.0

//Down Step Top 3
TEXTURE 14
3.1  -0.2404   0.156  0.0 1.0
3.1  -0.2404   0.269  0.0 0.0
3.8  -0.2404   0.269  1.0 0.0
3.8  -0.2404   0.156  1.0 1.0

//Down Step Thickness 3
TEXTURE 14
3.1  -0.2404   0.269 0.0 1.0
3.1  -0.2481   0.269 0.0 0.0
3.8  -0.2481   0.269 1.0 0.0
3.8  -0.2404   0.269 1.0 1.0

//Down Step Thickness Underneath 3
TEXTURE 14
3.1  -0.2481   0.269  0.0 1.0
3.1  -0.2481   0.239  0.0 0.0
3.8  -0.2481   0.239  1.0 0.0
3.8  -0.2481   0.269  1.0 1.0

//Down Step Front 4
TEXTURE 15
3.1  -0.2481    0.239 0.0 1.0
3.1  -0.3231    0.239 0.0 0.0
3.8  -0.3231    0.239 1.0 0.0
3.8  -0.2481    0.239 1.0 1.0

//Down Step Top 4
TEXTURE 14
3.1  -0.3231   0.239  0.0 1.0
3.1  -0.3231   0.352  0.0 0.0
3.8  -0.3231   0.352  1.0 0.0
3.8  -0.3231   0.239  1.0 1.0

//Down Step Thickness 4
TEXTURE 14
3.1  -0.3231   0.352 0.0 1.0
3.1  -0.3308   0.352 0.0 0.0
3.8  -0.3308   0.352 1.0 0.0
3.8  -0.3231   0.352 1.0 1.0

//Down Step Thickness Underneath 4
TEXTURE 14
3.1  -0.3308   0.352  0.0 1.0
3.1  -0.3308   0.322  0.0 0.0
3.8  -0.3308   0.322  1.0 0.0
3.8  -0.3308   0.352  1.0 1.0

//Down Step Front 5
TEXTURE 15
3.1  -0.3308    0.322 0.0 1.0
3.1  -0.4058    0.322 0.0 0.0
3.8  -0.4058    0.322 1.0 0.0
3.8  -0.3308    0.322 1.0 1.0

//Down Step Top 5
TEXTURE 14
3.1  -0.4058   0.322  0.0 1.0
3.1  -0.4058   0.435  0.0 0.0
3.8  -0.4058   0.435  1.0 0.0
3.8  -0.4058   0.322  1.0 1.0

//Down Step Thickness 5
TEXTURE 14
3.1  -0.4058   0.435 0.0 1.0
3.1  -0.4135   0.435 0.0 0.0
3.8  -0.4135   0.435 1.0 0.0
3.8  -0.4058   0.435 1.0 1.0

//Down Step Thickness Underneath 5
TEXTURE 14
3.1  -0.4135   0.435  0.0 1.0
3.1  -0.4135   0.405  0.0 0.0
3.8  -0.4135   0.405  1.0 0.0
3.8  -0.4135   0.435  1.0 1.0

//Down Step Front 6
TEXTURE 15
3.1  -0.4135   0.405 0.0 1.0
3.1  -0.4885   0.405 0.0 0.0
3.8  -0.4885   0.405 1.0 0.0
3.8  -0.4135   0.405 1.0 1.0

//계단
//the Down Step Front 1
TEXTURE 15
3.81  -0.5635   0.405 0.0 1.0
3.81  -0.4885   0.405 0.0 0.0
4.51  -0.4885   0.405 1.0 0.0
4.51  -0.5635   0.405 1.0 1.0

//the Down Step Top 1
TEXTURE 14
3.81  -0.5635   0.405  0.0 1.0
3.81  -0.5635   0.292  0.0 0.0
4.51  -0.5635   0.292  1.0 0.0
4.51  -0.5635   0.405  1.0 1.0

//the Down Step Thickness 1
TEXTURE 14
3.81  -0.5712   0.292 0.0 1.0
3.81  -0.5635   0.292 0.0 0.0
4.51  -0.5635   0.292 1.0 0.0
4.51  -0.5712   0.292 1.0 1.0

//the Down Step Thickness Underneath 1
TEXTURE 14
3.81  -0.5712   0.292  0.0 1.0
3.81  -0.5712   0.322  0.0 0.0
4.51  -0.5712   0.322  1.0 0.0
4.51  -0.5712   0.292  1.0 1.0

//the Down Step Front 2
TEXTURE 15
3.81  -0.6539   0.322 0.0 1.0
3.81  -0.6462   0.322 0.0 0.0
4.51  -0.6462   0.322 1.0 0.0
4.51  -0.6539   0.322 1.0 1.0

//the Down Step Top 2
TEXTURE 14
3.81  -0.6462   0.322  0.0 1.0
3.81  -0.6462   0.209  0.0 0.0
4.51  -0.6462   0.209  1.0 0.0
4.51  -0.6462   0.322  1.0 1.0

//the Down Step Thickness 2
TEXTURE 14
3.81  -0.6462   0.209 0.0 1.0
3.81  -0.6539   0.209 0.0 0.0
4.51  -0.6539   0.209 1.0 0.0
4.51  -0.6462   0.209 1.0 1.0

//the Down Step Thickness Underneath 2
TEXTURE 14
3.81  -0.6539   0.209  0.0 1.0
3.81  -0.6539   0.239  0.0 0.0
4.51  -0.6539   0.239  1.0 0.0
4.51  -0.6539   0.209  1.0 1.0

//the Down Step Front 3
TEXTURE 15
3.81  -0.6539   0.239 0.0 1.0
3.81  -0.7289   0.239 0.0 0.0
4.51  -0.7289   0.239 1.0 0.0
4.51  -0.6539   0.239 1.0 1.0

//the Down Step Top 3
TEXTURE 14
3.81  -0.7289   0.239  0.0 1.0
3.81  -0.7289   0.126  0.0 0.0
4.51  -0.7289   0.126  1.0 0.0
4.51  -0.7289   0.239  1.0 1.0

//the Down Step Thickness 3
TEXTURE 14
3.81  -0.7289   0.126 0.0 1.0
3.81  -0.7366   0.126 0.0 0.0
4.51  -0.7366   0.126 1.0 0.0
4.51  -0.7289   0.126 1.0 1.0

//the Down Step Thickness Underneath 3
TEXTURE 14
3.81  -0.7366   0.126  0.0 1.0
3.81  -0.7366   0.156  0.0 0.0
4.51  -0.7366   0.156  1.0 0.0
4.51  -0.7366   0.126  1.0 1.0

//the Down Step Front 4
TEXTURE 15
3.81  -0.7366   0.156 0.0 1.0
3.81  -0.8116   0.156 0.0 0.0
4.51  -0.8116   0.156 1.0 0.0
4.51  -0.7366   0.156 1.0 1.0

//the Down Step Top 4
TEXTURE 14
3.81  -0.8116   0.156  0.0 1.0
3.81  -0.8116   0.043  0.0 0.0
4.51  -0.8116   0.043  1.0 0.0
4.51  -0.8116   0.156  1.0 1.0

//the Down Step Thickness 4
TEXTURE 14
3.81  -0.8116   0.043 0.0 1.0
3.81  -0.8193   0.043 0.0 0.0
4.51  -0.8193   0.043 1.0 0.0
4.51  -0.8116   0.043 1.0 1.0

//the Down Step Thickness Underneath 4
TEXTURE 14
3.81  -0.8193   0.043  0.0 1.0
3.81  -0.8193   0.073  0.0 0.0
4.51  -0.8193   0.073  1.0 0.0
4.51  -0.8193   0.043  1.0 1.0

//the Down Step Front 5
TEXTURE 15
3.81  -0.8193   0.073 0.0 1.0
3.81  -0.8943   0.073 0.0 0.0
4.51  -0.8943   0.073 1.0 0.0
4.51  -0.8193   0.073 1.0 1.0

//the Down Step Top 5
TEXTURE 14
3.81  -0.8943   0.073  0.0 1.0
3.81  -0.8943   -0.04  0.0 0.0
4.51  -0.8943   -0.04  1.0 0.0
4.51  -0.8943   0.073  1.0 1.0

//the Down Step Thickness 5
TEXTURE 14
3.81  -0.8943   -0.04 0.0 1.0
3.81  -0.902   -0.04 0.0 0.0
4.51  -0.902   -0.04 1.0 0.0
4.51  -0.8943   -0.04 1.0 1.0

//the Down Step Thickness Underneath 5
TEXTURE 14
3.81  -0.902   -0.04  0.0 1.0
3.81  -0.902   -0.01  0.0 0.0
4.51  -0.902   -0.01  1.0 0.0
4.51  -0.902   -0.04  1.0 1.0

//the Down Step Front 6
TEXTURE 15
3.81  -0.902   -0.01 0.0 1.0
3.81  -0.977   -0.01 0.0 0.0
4.51  -0.977   -0.01 1.0 0.0
4.51  -0.902   -0.01 1.0 1.0




// 계단 벽
TEXTURE 11
3.1  1.0  2 1.0 1.0
3.1  -1.0  2 1.0 0.0
3.1  -1.0  0 0.0 0.0
3.1  1.0  0 0.0 1.0

// 계단 벽
TEXTURE 11
4.5  1.0  2 1.0 1.0
4.5  -1.0  2 1.0 0.0
4.5  -1.0  0 0.0 0.0
4.5  1.0  0 0.0 1.0

// 계단 벽
TEXTURE 11
-3.1  1.0  2 1.0 1.0
-3.1  -1.0  2 1.0 0.0
-3.1  -1.0  0 0.0 0.0
-3.1  1.0  0 0.0 1.0

// 계단 벽
TEXTURE 11
-4.5  1.0  2 1.0 1.0
-4.5  -1.0  2 1.0 0.0
-4.5  -1.0  0 0.0 0.0
-4.5  1.0  0 0.0 1.0

TEXTURE 11
-4.5  0.0  2 1.0 1.0
-4.5  -1.0  2 1.0 0.0
-4.5  -1.0  -3 0.0 0.0
-4.5  0.0  -3 0.0 1.0

//계단 중간
TEXTURE 14
3.1  -0.4885 0.405 0.0 18.0
3.1  -0.4885 0.935 0.0 0.0
4.5  -0.4885 0.935 18.0 0.0
4.5  -0.4885 0.405 18.0 18.0

TEXTURE 15
3.1  1.0  0.935 0.0  1.0
3.1  -1.0  0.935 0.0 0.0
4.5  -1.0  0.935 1.5 0.0
4.5  1.0  0.935 1.5  1.0

TEXTURE 14
-3.1  -0.4885 0.405 0.0 18.0
-3.1  -0.4885 0.935 0.0 0.0
-4.5  -0.4885 0.935 18.0 0.0
-4.5  -0.4885 0.405 18.0 18.0

TEXTURE 15
-3.1  1.0  0.935 0.0  1.0
-3.1  -1.0  0.935 0.0 0.0
-4.5  -1.0  0.935 1.5 0.0
-4.5  1.0  0.935 1.5  1.0

///////////// Floor 1

TEXTURE 0
6.0  0.0 -3.0 0.0 20.0
6.0  0.0  3.0 0.0 0.0
12.0  0.0 3.0 20.0 0.0
12.0  0.0 -3.0 20.0 20.0

TEXTURE 0
6.0  0.0 -6.0 0.0 10.0
6.0  0.0  -3.0 0.0 0.0
9.0  0.0 -3.0 10.0 0.0
9.0  0.0 -6.0 10.0 10.0


TEXTURE 0
12.0  0.0 -6.0 0.0 10.0
12.0  0.0  -3.0 0.0 0.0
9.0  0.0 -3.0 10.0 0.0
9.0  0.0 -6.0 10.0 10.0

TEXTURE 0
-3.0  0.0 -6.0 0.0 20.0
-3.0  0.0  3.0 0.0 0.0
 3.0  0.0  3.0 20.0 0.0
 3.0  0.0 -6.0 20.0 20.0

TEXTURE 0
3  0.0 3.0 0.0 5
3  0.0 4.5 0.0 0.0
1.5  0.0 4.5 5 0.0
1.5  0.0 3.0 5 5

TEXTURE 0
0  0.0 3.0 0.0 5
0  0.0 4.5 0.0 0.0
1.5  0.0 4.5 5 0.0
1.5  0.0 3.0 5 5

TEXTURE 0
3  0.0 6.0 0.0 5
3  0.0 4.5 0.0 0.0
1.5  0.0 4.5 5 0.0
1.5  0.0 6.0 5 5

TEXTURE 0
0  0.0 6.0 0.0 5
0  0.0 4.5 0.0 0.0
1.5  0.0 4.5 5 0.0
1.5  0.0 6.0 5 5

TEXTURE 0
-9  0.0 1.5 0.0 10
-9  0.0 4.5 0.0 0.0
-12  0.0 4.5 10 0.0
-12  0.0 1.5 10 10

TEXTURE 0
-3  0.0 3.0 0.0 5
-3  0.0 4.5 0.0 0.0
-1.5  0.0 4.5 5 0.0
-1.5  0.0 3.0 5 5

TEXTURE 0
-0  0.0 3.0 0.0 5
-0  0.0 4.5 0.0 0.0
-1.5  0.0 4.5 5 0.0
-1.5  0.0 3.0 5 5

TEXTURE 0
-3  0.0 6.0 0.0 5
-3  0.0 4.5 0.0 0.0
-1.5  0.0 4.5 5 0.0
-1.5  0.0 6.0 5 5

TEXTURE 0
-0  0.0 6.0 0.0 5
-0  0.0 4.5 0.0 0.0
-1.5  0.0 4.5 5 0.0
-1.5  0.0 6.0 5 5



TEXTURE 0
6  0.0 -3.0 0.0 5
6  0.0 -4.5 0.0 0.0
4.5  0.0 -4.5 5 0.0
4.5  0.0 -3.0 5 5

TEXTURE 0
3  0.0 -3.0 0.0 5
3  0.0 -4.5 0.0 0.0
4.5  0.0 -4.5 5 0.0
4.5  0.0 -3.0 5 5

TEXTURE 0
3  0.0 -3.0 0.0 5
3  0.0 -1.5 0.0 0.0
4.5  0.0 -1.5 5 0.0
4.5  0.0 -3.0 5 5

TEXTURE 0
6  0.0 -3.0 0.0 5
6  0.0 -1.5 0.0 0.0
4.5  0.0 -1.5 5 0.0
4.5  0.0 -3.0 5 5

TEXTURE 0
6  0.0 -6.0 0.0 5
6  0.0 -4.5 0.0 0.0
4.5  0.0 -4.5 5 0.0
4.5  0.0 -6.0 5 5

TEXTURE 0
3  0.0 0.0 0.0 5
3  0.0 -1.5 0.0 0.0
4.5  0.0 -1.5 5 0.0
4.5  0.0 0.0 5 5

TEXTURE 0
6  0.0 0.0 0.0 5
6  0.0 -1.5 0.0 0.0
4.5  0.0 -1.5 5 0.0
4.5  0.0 0.0 5 5

TEXTURE 0
6  0.0 3.0 0.0 5
6  0.0 1.5 0.0 0.0
4.5  0.0 1.5 5 0.0
4.5  0.0 3.0 5 5

TEXTURE 0
-3  0.0 7.5.0 20
-3  0.0 1.5 0.0 0.0
-9  0.0 1.5 20 0.0
-9  0.0 7.5 20 20

TEXTURE 0
-12 0.0 -5.5.0 20
-12 0.0 1.5 0.0 0.0
-6  0.0 1.5 20 0.0
-6  0.0 -5.5 20 20

TEXTURE 0
6  0.0 0 0.0 5
6  0.0 1.5 0.0 0.0
4.5  0.0 1.5 5 0.0
4.5  0.0 0 5 5
TEXTURE 0
3  0.0 -6.0 0.0 5
3  0.0 -4.5 0.0 0.0
4.5  0.0 -4.5 5 0.0
4.5  0.0 -6.0 5 5

TEXTURE 0
-6  0.0 -3.0 0.0 5
-6  0.0 -4.5 0.0 0.0
-4.5  0.0 -4.5 5 0.0
-4.5  0.0 -3.0 5 5

TEXTURE 0
-6  0.0 -3.0 0.0 5
-6  0.0 -1.5 0.0 0.0
-4.5  0.0 -1.5 5 0.0
-4.5  0.0 -3.0 5 5

TEXTURE 0
-6  0.0 -6.0 0.0 5
-6  0.0 -4.5 0.0 0.0
-4.5  0.0 -4.5 5 0.0
-4.5  0.0 -6.0 5 5

TEXTURE 0
-6  0.0 -0.0 0.0 5
-6  0.0 -1.5 0.0 0.0
-4.5  0.0 -1.5 5 0.0
-4.5  0.0 -0.0 5 5


TEXTURE 0
-3  0.0 -4.5 0.0 5
-3  0.0 -3 0.0 0.0
-4.5  0.0 -3 5 0.0
-4.5  0.0 -4.5 5 5

TEXTURE 0
-9  0.0 -5.5 0.0 5
-9  0.0 -7 0.0 0.0
-7.5  0.0 -7 5 0.0
-7.5  0.0 -5.5 5 5

TEXTURE 0
-9  0.0 -5.5 0.0 5
-9  0.0 -7 0.0 0.0
-10.5  0.0 -7 5 0.0
-10.5  0.0 -5.5 5 5

TEXTURE 0
-12  0.0 -5.5 0.0 5
-12  0.0 -7 0.0 0.0
-10.5  0.0 -7 5 0.0
-10.5  0.0 -5.5 5 5

TEXTURE 0
-3  0.0 0.0 0.0 5
-3  0.0 -1.5 0.0 0.0
-4.5  0.0 -1.5 5 0.0
-4.5  0.0 0.0 5 5

TEXTURE 0
-3  0.0 -3.0 0.0 5
-3  0.0 -1.5 0.0 0.0
-4.5  0.0 -1.5 5 0.0
-4.5  0.0 -3.0 5 5

TEXTURE 0
-6  0.0 0 0.0 5
-6  0.0 1.5 0.0 0.0
-4.5  0.0 1.5 5 0.0
-4.5  0.0 0 5 5

TEXTURE 0
-3  0.0 -6.0 0.0 5
-3  0.0 -4.5 0.0 0.0
-4.5  0.0 -4.5 5 0.0
-4.5  0.0 -6.0 5 5

/////////////////////////////
//천장테스트

TEXTURE 15
6.0  -0.01 -3.0 0.0 20.0
6.0  -0.01  3.0 0.0 0.0
12.0  -0.01 3.0 20.0 0.0
12.0  -0.01 -3.0 20.0 20.0

TEXTURE 15
6.0  -0.01 -6.0 0.0 10.0
6.0  -0.01  -3.0 0.0 0.0
9.0  -0.01 -3.0 10.0 0.0
9.0  -0.01 -6.0 10.0 10.0


TEXTURE 15
12.0  -0.01 -6.0 0.0 10.0
12.0  -0.01  -3.0 0.0 0.0
9.0  -0.01 -3.0 10.0 0.0
9.0  -0.01  -6.0 10.0 10.0

TEXTURE 15
-3.0  -0.01 -6.0 0.0 20.0
-3.0  -0.01  3.0 0.0 0.0
 3.0  -0.01  3.0 20.0 0.0
 3.0  -0.01 -6.0 20.0 20.0

TEXTURE 15
3  -0.01 3.0 0.0 5
3  -0.01 4.5 0.0 0.0
1.5  -0.01 4.5 5 0.0
1.5  -0.01 3.0 5 5

TEXTURE 15
0  -0.01 3.0 0.0 5
0  -0.01 4.5 0.0 0.0
1.5  -0.01 4.5 5 0.0
1.5  -0.01 3.0 5 5

TEXTURE 15
3  -0.01 6.0 0.0 5
3  -0.01 4.5 0.0 0.0
1.5  -0.01 4.5 5 0.0
1.5  -0.01 6.0 5 5

TEXTURE 15
0  -0.01 6.0 0.0 5
0  -0.01 4.5 0.0 0.0
1.5  -0.01 4.5 5 0.0
1.5  -0.01 6.0 5 5

TEXTURE 15
-9  -0.01 1.5 0.0 10
-9  -0.01 4.5 0.0 0.0
-12  -0.01 4.5 10 0.0
-12  -0.01 1.5 10 10

TEXTURE 15
-3  -0.01 3.0 0.0 5
-3  -0.01 4.5 0.0 0.0
-1.5  -0.01 4.5 5 0.0
-1.5  -0.01 3.0 5 5

TEXTURE 15
-0  -0.01 3.0 0.0 5
-0  -0.01 4.5 0.0 0.0
-1.5  -0.01 4.5 5 0.0
-1.5  -0.01 3.0 5 5

TEXTURE 15
-3  -0.01 6.0 0.0 5
-3  -0.01 4.5 0.0 0.0
-1.5  -0.01 4.5 5 0.0
-1.5  -0.01 6.0 5 5

TEXTURE 15
-0  -0.01 6.0 0.0 5
-0  -0.01 4.5 0.0 0.0
-1.5  -0.01 4.5 5 0.0
-1.5  -0.01 6.0 5 5



TEXTURE 15
6  -0.01 -3.0 0.0 5
6  -0.01 -4.5 0.0 0.0
4.5  -0.01 -4.5 5 0.0
4.5  -0.01 -3.0 5 5

TEXTURE 15
3  -0.01 -3.0 0.0 5
3  -0.01 -4.5 0.0 0.0
4.5  -0.01 -4.5 5 0.0
4.5  -0.01 -3.0 5 5

TEXTURE 15
3  -0.01 -3.0 0.0 5
3  -0.01 -1.5 0.0 0.0
4.5  -0.01 -1.5 5 0.0
4.5  -0.01 -3.0 5 5

TEXTURE 15
6  -0.01 -3.0 0.0 5
6  -0.01 -1.5 0.0 0.0
4.5  -0.01 -1.5 5 0.0
4.5  -0.01 -3.0 5 5

TEXTURE 15
6  -0.01 -6.0 0.0 5
6  -0.01 -4.5 0.0 0.0
4.5  -0.01 -4.5 5 0.0
4.5  -0.01 -6.0 5 5

TEXTURE 15
3  -0.01 0.0 0.0 5
3  -0.01 -1.5 0.0 0.0
4.5  -0.01 -1.5 5 0.0
4.5  -0.01 0.0 5 5

TEXTURE 15
6  -0.01 0.0 0.0 5
6  -0.01 -1.5 0.0 0.0
4.5  -0.01 -1.5 5 0.0
4.5  -0.01 0.0 5 5

TEXTURE 15
6  -0.01 3.0 0.0 5
6  -0.01 1.5 0.0 0.0
4.5  -0.01 1.5 5 0.0
4.5  -0.01 3.0 5 5

TEXTURE 15
-3  -0.01 7.5.0 20
-3  -0.01 1.5 0.0 0.0
-9  -0.01 1.5 20 0.0
-9  -0.01 7.5 20 20

TEXTURE 15
-12 -0.01 -5.5.0 20
-12 -0.01 1.5 0.0 0.0
-6  -0.01 1.5 20 0.0
-6  -0.01 -5.5 20 20

TEXTURE 15
6  -0.01 0 0.0 5
6  -0.01 1.5 0.0 0.0
4.5  -0.01 1.5 5 0.0
4.5  -0.01 0 5 5
TEXTURE 15
3  -0.01 -6.0 0.0 5
3  -0.01 -4.5 0.0 0.0
4.5  -0.01 -4.5 5 0.0
4.5  -0.01 -6.0 5 5

TEXTURE 15
-6  -0.01 -3.0 0.0 5
-6  -0.01 -4.5 0.0 0.0
-4.5  -0.01 -4.5 5 0.0
-4.5  -0.01 -3.0 5 5

TEXTURE 15
-6  -0.01 -3.0 0.0 5
-6  -0.01 -1.5 0.0 0.0
-4.5  -0.01 -1.5 5 0.0
-4.5  -0.01 -3.0 5 5

TEXTURE 15
-6  -0.01 -6.0 0.0 5
-6  -0.01 -4.5 0.0 0.0
-4.5  -0.01 -4.5 5 0.0
-4.5  -0.01 -6.0 5 5

TEXTURE 15
-6  -0.01 -0.0 0.0 5
-6  -0.01 -1.5 0.0 0.0
-4.5  -0.01 -1.5 5 0.0
-4.5  -0.01 -0.0 5 5


TEXTURE 15
-3  -0.01 -4.5 0.0 5
-3  -0.01 -3 0.0 0.0
-4.5  -0.01 -3 5 0.0
-4.5  -0.01 -4.5 5 5

TEXTURE 15
-9  -0.01 -5.5 0.0 5
-9  -0.01 -7 0.0 0.0
-7.5  -0.01 -7 5 0.0
-7.5  -0.01 -5.5 5 5

TEXTURE 15
-9  -0.01 -5.5 0.0 5
-9  -0.01 -7 0.0 0.0
-10.5  -0.01 -7 5 0.0
-10.5  -0.01 -5.5 5 5

TEXTURE 15
-12  -0.01 -5.5 0.0 5
-12  -0.01 -7 0.0 0.0
-10.5  -0.01 -7 5 0.0
-10.5  -0.01 -5.5 5 5

TEXTURE 15
-3  -0.01 0.0 0.0 5
-3  -0.01 -1.5 0.0 0.0
-4.5  -0.01 -1.5 5 0.0
-4.5  -0.01 0.0 5 5

TEXTURE 15
-3  -0.01 -3.0 0.0 5
-3  -0.01 -1.5 0.0 0.0
-4.5  -0.01 -1.5 5 0.0
-4.5  -0.01 -3.0 5 5

TEXTURE 15
-6  -0.01 0 0.0 5
-6  -0.01 1.5 0.0 0.0
-4.5  -0.01 1.5 5 0.0
-4.5  -0.01 0 5 5

TEXTURE 15
-3  -0.01 -6.0 0.0 5
-3  -0.01 -4.5 0.0 0.0
-4.5  -0.01 -4.5 5 0.0
-4.5  -0.01 -6.0 5 5
////////////////////////////

TEXTURE 0
6.0  -1.0 -3.0 0.0 20.0
6.0  -1.0  3.0 0.0 0.0
12.0  -1.0 3.0 20.0 0.0
12.0  -1.0 -3.0 20.0 20.0

TEXTURE 0
6.0  -1.0 -6.0 0.0 10.0
6.0  -1.0  -3.0 0.0 0.0
9.0  -1.0 -3.0 10.0 0.0
9.0  -1.0 -6.0 10.0 10.0


TEXTURE 0
12.0  -1.0 -6.0 0.0 10.0
12.0  -1.0  -3.0 0.0 0.0
9.0  -1.0 -3.0 10.0 0.0
9.0  -1.0 -6.0 10.0 10.0

TEXTURE 0
-3.0  -1.0 -6.0 0.0 20.0
-3.0  -1.0  3.0 0.0 0.0
 3.0  -1.0  3.0 20.0 0.0
 3.0  -1.0 -6.0 20.0 20.0

TEXTURE 0
3  -1.0 3.0 0.0 5
3  -1.0 4.5 0.0 0.0
1.5  -1.0 4.5 5 0.0
1.5  -1.0 3.0 5 5

TEXTURE 0
0  -1.0 3.0 0.0 5
0  -1.0 4.5 0.0 0.0
1.5  -1.0 4.5 5 0.0
1.5  -1.0 3.0 5 5

TEXTURE 0
3  -1.0 6.0 0.0 5
3  -1.0 4.5 0.0 0.0
1.5  -1.0 4.5 5 0.0
1.5  -1.0 6.0 5 5

TEXTURE 0
0  -1.0 6.0 0.0 5
0  -1.0 4.5 0.0 0.0
1.5  -1.0 4.5 5 0.0
1.5  -1.0 6.0 5 5

TEXTURE 0
-9  -1.0 1.5 0.0 10
-9  -1.0 4.5 0.0 0.0
-12  -1.0 4.5 10 0.0
-12  -1.0 1.5 10 10

TEXTURE 0
-3  -1.0 3.0 0.0 5
-3  -1.0 4.5 0.0 0.0
-1.5  -1.0 4.5 5 0.0
-1.5  -1.0 3.0 5 5

TEXTURE 0
-0  -1.0 3.0 0.0 5
-0  -1.0 4.5 0.0 0.0
-1.5  -1.0 4.5 5 0.0
-1.5  -1.0 3.0 5 5

TEXTURE 0
-3  -1.0 6.0 0.0 5
-3  -1.0 4.5 0.0 0.0
-1.5  -1.0 4.5 5 0.0
-1.5  -1.0 6.0 5 5

TEXTURE 0
-0  -1.0 6.0 0.0 5
-0  -1.0 4.5 0.0 0.0
-1.5  -1.0 4.5 5 0.0
-1.5  -1.0 6.0 5 5



TEXTURE 0
6  -1.0 -3.0 0.0 5
6  -1.0 -4.5 0.0 0.0
4.5  -1.0 -4.5 5 0.0
4.5  -1.0 -3.0 5 5

TEXTURE 0
3  -1.0 -3.0 0.0 5
3  -1.0 -4.5 0.0 0.0
4.5  -1.0 -4.5 5 0.0
4.5  -1.0 -3.0 5 5

TEXTURE 0
3  -1.0 -3.0 0.0 5
3  -1.0 -1.5 0.0 0.0
4.5  -1.0 -1.5 5 0.0
4.5  -1.0 -3.0 5 5

TEXTURE 0
6  -1.0 -3.0 0.0 5
6  -1.0 -1.5 0.0 0.0
4.5  -1.0 -1.5 5 0.0
4.5  -1.0 -3.0 5 5

TEXTURE 0
6  -1.0 -6.0 0.0 5
6  -1.0 -4.5 0.0 0.0
4.5  -1.0 -4.5 5 0.0
4.5  -1.0 -6.0 5 5

TEXTURE 0
3  -1.0 0.0 0.0 5
3  -1.0 -1.5 0.0 0.0
4.5  -1.0 -1.5 5 0.0
4.5  -1.0 0.0 5 5

TEXTURE 0
6  -1.0 0.0 0.0 5
6  -1.0 -1.5 0.0 0.0
4.5  -1.0 -1.5 5 0.0
4.5  -1.0 0.0 5 5

TEXTURE 0
6  -1.0 3.0 0.0 5
6  -1.0 1.5 0.0 0.0
4.5  -1.0 1.5 5 0.0
4.5  -1.0 3.0 5 5

TEXTURE 0
-3  -1.0 7.5.0 20
-3  -1.0 1.5 0.0 0.0
-9  -1.0 1.5 20 0.0
-9  -1.0 7.5 20 20

TEXTURE 0
-12 -1.0 -5.5.0 20
-12 -1.0 1.5 0.0 0.0
-6  -1.0 1.5 20 0.0
-6  -1.0 -5.5 20 20

TEXTURE 0
6  -1.0 0 0.0 5
6  -1.0 1.5 0.0 0.0
4.5  -1.0 1.5 5 0.0
4.5  -1.0 0 5 5
TEXTURE 0
3  -1.0 -6.0 0.0 5
3  -1.0 -4.5 0.0 0.0
4.5  -1.0 -4.5 5 0.0
4.5  -1.0 -6.0 5 5

TEXTURE 0
-6  -1.0 -3.0 0.0 5
-6  -1.0 -4.5 0.0 0.0
-4.5  -1.0 -4.5 5 0.0
-4.5  -1.0 -3.0 5 5

TEXTURE 0
-6  -1.0 -3.0 0.0 5
-6  -1.0 -1.5 0.0 0.0
-4.5  -1.0 -1.5 5 0.0
-4.5  -1.0 -3.0 5 5

TEXTURE 0
-6  -1.0 -6.0 0.0 5
-6  -1.0 -4.5 0.0 0.0
-4.5  -1.0 -4.5 5 0.0
-4.5  -1.0 -6.0 5 5

TEXTURE 0
-6  -1.0 -0.0 0.0 5
-6  -1.0 -1.5 0.0 0.0
-4.5  -1.0 -1.5 5 0.0
-4.5  -1.0 -0.0 5 5


TEXTURE 0
-3  -1.0 -4.5 0.0 5
-3  -1.0 -3 0.0 0.0
-4.5  -1.0 -3 5 0.0
-4.5  -1.0 -4.5 5 5

TEXTURE 0
-9  -1.0 -5.5 0.0 5
-9  -1.0 -7 0.0 0.0
-7.5  -1.0 -7 5 0.0
-7.5  -1.0 -5.5 5 5

TEXTURE 0
-9  -1.0 -5.5 0.0 5
-9  -1.0 -7 0.0 0.0
-10.5  -1.0 -7 5 0.0
-10.5  -1.0 -5.5 5 5

TEXTURE 0
-12  -1.0 -5.5 0.0 5
-12  -1.0 -7 0.0 0.0
-10.5  -1.0 -7 5 0.0
-10.5  -1.0 -5.5 5 5

TEXTURE 0
-3  -1.0 0.0 0.0 5
-3  -1.0 -1.5 0.0 0.0
-4.5  -1.0 -1.5 5 0.0
-4.5  -1.0 0.0 5 5

TEXTURE 0
-3  -1.0 -3.0 0.0 5
-3  -1.0 -1.5 0.0 0.0
-4.5  -1.0 -1.5 5 0.0
-4.5  -1.0 -3.0 5 5

TEXTURE 0
-6  -1.0 0 0.0 5
-6  -1.0 1.5 0.0 0.0
-4.5  -1.0 1.5 5 0.0
-4.5  -1.0 0 5 5

TEXTURE 0
-3  -1.0 -6.0 0.0 5
-3  -1.0 -4.5 0.0 0.0
-4.5  -1.0 -4.5 5 0.0
-4.5  -1.0 -6.0 5 5

////////////////////////////
TEXTURE 20
9.8  1.0  -0.2 0.0  1.0
9.8  0.0  -0.2 0.0  0.0
9.8  0.0  -1.2 1  0.0
9.8  1.0  -1.2 1  1.0

TEXTURE 11
6.5  -1.0  0. 0.0  1.0
6.5  0.0  0 0.0  0.0
6.5  0.0  -2 1  0.0
6.5  -1.0  -2 1  1.0

TEXTURE 21
9.79	0.81	-0.52	0.0 1.0
9.79	0.0	-0.52	0.0 0.0
9.79	0.0	-0.9	1.0 0.0
9.79	0.81	-0.9	1.0 1.0

TEXTURE 11
9.8  1.0  -0.5 0.0  1.0
9.8  -1.0  -0.5 0.0  0.0
9.8  -1.0  0 1  0.0
9.8  1.0  0 1  1.0

TEXTURE 11
9.8  1.0  -1.2 0.0  1.0
9.8  -1.0  -1.2 0.0  0.0
9.8  -1.0  -2 1  0.0
9.8  1.0  -2 1  1.0


TEXTURE 11
9.8  1.0  -2 0.0  1.0
9.8  -1.0  -2 0.0  0.0
9    -1.0  -2 1  0.0
9    1.0  -2 1  1.0

TEXTURE 20
9  1.0  -3 0.0  1.0
9  0.0  -3 0.0  0.0
9  0.0  -2 1  0.0
9  1.0  -2 1  1.0

TEXTURE 21
8.99	0.81	-2.308	0.0 1.0
8.99	0.0	-2.308	0.0 0.0
8.99	0.0	-2.678	1.0 0.0
8.99	0.81	-2.678	1.0 1.0

TEXTURE 20
9  1.0  -3 0.0  1.0
9  0.0  -3 0.0  0.0
8  0.0  -3 1  0.0
8  1.0  -3 1  1.0

TEXTURE 21
8.67	0.81	-2.99	0.0 1.0
8.67	0.0	-2.99	0.0 0.0
8.29	0.0	-2.99	1.0 0.0
8.29	0.81	-2.99	1.0 1.0

TEXTURE 11
9  1.0  -3 0.0  1.0
9  -1.0  -3 0.0  0.0
9  -1.0  -5 1  0.0
9  1.0  -5 1  1.0

TEXTURE 11
11  1.0  -2 0.0  1.0
11  -1.0  -2 0.0  0.0
11  -1.0  -5 1  0.0
11  1.0  -5 1  1.0

TEXTURE 11
9  1.0  -5 0.0  1.0
9  -1.0  -5 0.0  0.0
11  -1.0  -5 1  0.0
11  1.0  -5 1  1.0

TEXTURE 11
11  1.0  -5 0.0  1.0
11  -1.0  -5 0.0  0.0
11  -1.0  -6 1  0.0
11  1.0  -6 1  1.0

TEXTURE 11
11  1.0  -6 0.0  1.0
11  -1.0  -6 0.0  0.0
6  -1.0  -6 1  0.0
6  1.0  -6 1  1.0

/////////////////////////////
TEXTURE 11
2.8  1.0  0 0.0  1.0
2.8  -1.0  0 0.0 0.0
3.1  -1.0  0 1.5 0.0
3.1  1.0  0 1.5  1.0


TEXTURE 11
4.5  1.0  0 0.0  1.0
4.5  -1.0  0 0.0  0.0
5.5  -1.0  0 1.5  0.0
5.5  1.0  0 1.5  1.0

TEXTURE 11
6  1.0  -2 0.0  1.0
6  -1.0  -2 0.0  0.0
5.5  -1.0  -2 1.5  0.0
5.5  1.0  -2 1.5  1.0

TEXTURE 11
7.5  1.0  -2 0.0  1.0
7.5  -1.0  -2 0.0  0.0
8  -1.0  -2 1.5  0.0
8  1.0  -2 1.5  1.0

TEXTURE 11
8  1.0  -5 0.0  1.0
8  -1.0  -5 0.0  0.0
8  -1.0  -2 1.5  0.0
8  1.0  -2 1.5  1.0

TEXTURE 11
8  1.0  -5 0.0  1.0
8  -1.0  -5 0.0  0.0
6  -1.0  -5 1.5  0.0
6  1.0  -5 1.5  1.0

TEXTURE 11
6  1.0  -2 0.0  1.0
6  -1.0  -2 0.0  0.0
6  -1.0  -6 1.5  0.0
6  1.0  -6 1.5  1.0

TEXTURE 20
7.8  1.0  -2 0.0  1.0
7.8  0.0  -2 0.0  0.0
5.8  0.0  -2 1  0.0
5.8  1.0  -2 1  1.0

TEXTURE 21
7.19	0.81	-1.99	0.0 1.0
7.19	0.0	-1.99	0.0 0.0
6.79	0.0	-1.99	1.0 0.0
6.79	0.81	-1.99	1.0 1.0

TEXTURE 21
6.39	0.81	-1.99	0.0 1.0
6.39	0.0	-1.99	0.0 0.0
6.78	0.0	-1.99	1.0 0.0
6.78	0.81	-1.99	1.0 1.0


////오피스룸
TEXTURE 11
-4.6  1.0  2.5 1.0 1.0
-4.6  -1  2.5 1.0 0.0
-4.6  -1  0 0.0 0.0
-4.6  1.0  0 0.0 1.0

TEXTURE 11
-4.6  1.0  2.5 1.0 1.0
-4.6  -1  2.5 1.0 0.0
-6  -1  2.5 0.0 0.0
-6  1.0  2.5 0.0 1.0

TEXTURE 11
-6  1.0  2.5 1.0 1.0
-6  -1  2.5 1.0 0.0
-6  -1  0 0.0 0.0
-6  1.0  0 0.0 1.0

TEXTURE 11
-6  1.0  0 1.0 1.0
-6  -1  0 1.0 0.0
-5.5  -1  0 0.0 0.0
-5.5  1.0  0 0.0 1.0
//////////

//학회실

TEXTURE 11
-6  1.0  0 1.0 1.0
-6  -1  0 1.0 0.0
-8  -1 0 0.0 0.0
-8  1.0  0 0.0 1.0

TEXTURE 20
-8  1.0  0 0.0  1.0
-8  0.0  0 0.0  0.0
-9  0.0  0 1  0.0
-9  1.0  0 1  1.0


TEXTURE 20
-8  0.0  0 0.0  1.0
-8  -1.0  0 0.0  0.0
-9  -1.0  0 1  0.0
-9  0.0  0 1  1.0

TEXTURE 21
-8.69	-0.19	-0.01	0.0 1.0
-8.69	-1.0	-0.01	0.0 0.0
-8.32	-1.0	-0.01	1.0 0.0
-8.32	-0.19	-0.01	1.0 1.0

TEXTURE 21
-8.69	0.81	-0.01	0.0 1.0
-8.69	0.0	-0.01	0.0 0.0
-8.32	0.0	-0.01	1.0 0.0
-8.32	0.81	-0.01	1.0 1.0

TEXTURE 11
-6  1.0  2.5 1.0 1.0
-6  -1  2.5 1.0 0.0
-9  -1  2.5 0.0 0.0
-9  1.0  2.5 0.0 1.0

TEXTURE 11
-9  1.0  0 1.0 1.0
-9  -1  0 1.0 0.0
-9  -1  2.5 0.0 0.0
-9  1.0  2.5 0.0 1.0

//////////////////

//////회의실

TEXTURE 20
-9  1.0  0 0.0  1.0
-9  0.0  0 0.0  0.0
-9  0.0  -1 1  0.0
-9  1.0  -1 1  1.0

TEXTURE 21
-8.99	0.81	-0.69	0.0 1.0
-8.99	0.0	-0.69	0.0 0.0
-8.99	0.0	-0.32	1.0 0.0
-8.99	0.81	-0.32	1.0 1.0

TEXTURE 20
-9  0.0  0 0.0  1.0
-9  -1.0  0 0.0  0.0
-9  -1.0  -1 1  0.0
-9  0.0  -1 1  1.0

TEXTURE 21
-8.99	-0.19	-0.69	0.0 1.0
-8.99	-1.0	-0.69	0.0 0.0
-8.99	-1.0	-0.32	1.0 0.0
-8.99	-0.19	-0.32	1.0 1.0

TEXTURE 11
-9  1.0  -1 1.0 1.0
-9  -1  -1 1.0 0.0
-9  -1  -2 0.0 0.0
-9  1.0  -2 0.0 1.0

TEXTURE 11
-9  1.0  2.5 1.0 1.0
-9  -1  2.5 1.0 0.0
-11  -1  2.5 0.0 0.0
-11  1.0  2.5 0.0 1.0

TEXTURE 11
-11  1.0  -2 1.0 1.0
-11  -1  -2 1.0 0.0
-11  -1  2.5 0.0 0.0
-11  1.0  2.5 0.0 1.0

TEXTURE 11
-8.5  1.0  -2 1.0 1.0
-8.5  -1  -2 1.0 0.0
-11  -1 -2 0.0 0.0
-11  1.0  -2 0.0 1.0

////////
//연구실

TEXTURE 20
-8.5  1.0  -2 1.0 1.0
-8.5  0  -2 1.0 0.0
-8.5  0 -3 0.0 0.0
-8.5  1.0  -3 0.0 1.0

TEXTURE 21
-8.49	0.81	-2.67	0.0 1.0
-8.49	0.0	-2.67	0.0 0.0
-8.49	0.0	-2.30	1.0 0.0
-8.49	0.81	-2.30	1.0 1.0

TEXTURE 11
-8.5  1.0  -4.5 1.0 1.0
-8.5  -1  -4.5 1.0 0.0
-8.5  -1 -3 0.0 0.0
-8.5  1.0  -3 0.0 1.0

TEXTURE 11
-8.5  1.0  -4.5 1.0 1.0
-8.5  -1  -4.5 1.0 0.0
-11  -1 -4.5 0.0 0.0
-11  1.0  -4.5 0.0 1.0

TEXTURE 11
-11  1.0  -2 1.0 1.0
-11  -1  -2 1.0 0.0
-11  -1 -4.5 0.0 0.0
-11  1.0  -4.5 0.0 1.0

///////
//제작중
TEXTURE 20
-6    1.0  -2 1.0 1.0
-6    0    -2 1.0 0.0
-6.2  0    -2 2 0.0
-6.2  1.0  -2 2 1.0

TEXTURE 20
-6.4    1.0  -2 1.0 1.0
-6.4    0    -2 1.0 0.0
-6.2  0    -2 2 0.0
-6.2  1.0  -2 2 1.0

TEXTURE 20
-6.4    1.0  -2 1.0 1.0
-6.4    0    -2 1.0 0.0
-6.6  0    -2 2 0.0
-6.6  1.0  -2 2 1.0

TEXTURE 20
-6.8    1.0  -2 1.0 1.0
-6.8    0    -2 1.0 0.0
-6.6  0    -2 2 0.0
-6.6  1.0  -2 2 1.0

TEXTURE 20
-7.0    1.0  -2 1.0 1.0
-7.0    0    -2 1.0 0.0
-6.8  0    -2 2 0.0
-6.8  1.0  -2 2 1.0

TEXTURE 20
-7    1.0  -2 1.0 1.0
-7    0    -2 1.0 0.0
-7.2  0    -2 2 0.0
-7.2  1.0  -2 2 1.0

TEXTURE 20
-7.4    1.0  -2 1.0 1.0
-7.4    0    -2 1.0 0.0
-7.2  0    -2 2 0.0
-7.2  1.0  -2 2 1.0

TEXTURE 20
-7.4    1.0  -2 1.0 1.0
-7.4    0    -2 1.0 0.0
-7.6  0    -2 2 0.0
-7.6  1.0  -2 2 1.0

TEXTURE 20
-7.6    1.0  -2.2 1.0 1.0
-7.6    0    -2.2 1.0 0.0
-7.6  	0    -2 2 0.0
-7.6  	1.0  -2 2 1.0

TEXTURE 20
-7.6    1.0  -2.2 1.0 1.0
-7.6    0    -2.2 1.0 0.0
-7.6  	0    -2.4 2 0.0
-7.6  	1.0  -2.4 2 1.0

TEXTURE 20
-7.6    1.0  -2.4 1.0 1.0
-7.6    0    -2.4 1.0 0.0
-7.6  	0    -2.6 2 0.0
-7.6  	1.0  -2.6 2 1.0

TEXTURE 20
-7.6    1.0  -2.8 1.0 1.0
-7.6    0    -2.8 1.0 0.0
-7.6  	0    -2.6 2 0.0
-7.6  	1.0  -2.6 2 1.0

TEXTURE 20
-7.6    1.0  -2.8 1.0 1.0
-7.6    0    -2.8 1.0 0.0
-7.6  	0    -3.0 2 0.0
-7.6  	1.0  -3.0 2 1.0

TEXTURE 20
-7.6    1.0  -3.2 1.0 1.0
-7.6    0    -3.2 1.0 0.0
-7.6  	0    -3 2 0.0
-7.6  	1.0  -3 2 1.0

TEXTURE 20
-7.6    1.0  -3.2 1.0 1.0
-7.6    0    -3.2 1.0 0.0
-7.6  	0    -3.4 2 0.0
-7.6  	1.0  -3.4 2 1.0

TEXTURE 20
-7.6    1.0  -3.4 1.0 1.0
-7.6    0    -3.4 1.0 0.0
-7.6  	0    -3.6 2 0.0
-7.6  	1.0  -3.6 2 1.0

TEXTURE 20
-7.6    1.0  -3.8 1.0 1.0
-7.6    0    -3.8 1.0 0.0
-7.6  	0    -3.6 2 0.0
-7.6  	1.0  -3.6 2 1.0

TEXTURE 20
-7.6    1.0  -3.8 1.0 1.0
-7.6    0    -3.8 1.0 0.0
-7.6  	0    -4.0 2 0.0
-7.6  	1.0  -4.0 2 1.0

TEXTURE 20
-7.6    1.0  -4.2 1.0 1.0
-7.6    0    -4.2 1.0 0.0
-7.6  	0    -4 2 0.0
-7.6  	1.0  -4 2 1.0

TEXTURE 20
-7.6    1.0  -4.2 1.0 1.0
-7.6    0    -4.2 1.0 0.0
-7.6  	0    -4.4 2 0.0
-7.6  	1.0  -4.4 2 1.0

TEXTURE 20
-7.6    1.0  -4.4 1.0 1.0
-7.6    0    -4.4 1.0 0.0
-7.6  	0    -4.6 2 0.0
-7.6  	1.0  -4.6 2 1.0

TEXTURE 11
-6  1.0  -4.5 1.0 1.0
-6  -1  -4.5 1.0 0.0
-7.6  -1 -4.5 0 0.0
-7.6  1.0  -4.5 0 1.0

///////
//서울어 회의실

TEXTURE 20
-8.6  1.0  -4.5 1.0 1.0
-8.6  0  -4.5 1.0 0.0
-7.6  0 -4.5 0 0.0
-7.6  1.0  -4.5 0 1.0

TEXTURE 21
-8.29	0.81	-4.49	0.0 1.0
-8.29	0.0	-4.49	0.0 0.0
-7.93	0.0	-4.49	1.0 0.0
-7.93	0.81	-4.49	1.0 1.0

TEXTURE 11
-7.6  1.0  -7 1.0 1.0
-7.6  -1  -7 1.0 0.0
-7.6  -1  -4.5 0 0.0
-7.6  1.0  -4.5 0 1.0

TEXTURE 11
-7.62  1.0  -7 1.0 1.0
-7.62  -1  -7 1.0 0.0
-7.62  -1  -4.5 0 0.0
-7.62  1.0  -4.5 0 1.0

TEXTURE 11
-11  1.0  -7 1.0 1.0
-11  -1  -7 1.0 0.0
-11  -1  -4.5 0 0.0
-11  1.0  -4.5 0 1.0

TEXTURE 11
-7.62  1.0  -7 1.0 1.0
-7.62  -1  -7 1.0 0.0
-11  -1 -7 0 0.0
-11  1.0  -7 0 1.0

//////
TEXTURE 11
4.5  1.0  0 0.0  1
4.5  -1.0  0 0.0  0.0
5.5  -1.0  0 1  0.0
5.5  1.0  0 1  1

TEXTURE 20
6.5  1.0  0 0.0  1.0
6.5  0.0  0 0.0  0.0
5.5  0.0  0 1  0.0
5.5  1.0  0 1  1.0

TEXTURE 20
6.5  0.0  0 0.0  1.0
6.5  -1.0  0 0.0  0.0
5.5  -1.0  0 1  0.0
5.5  0.0  0 1  1.0

TEXTURE 21
6.19	-0.19	-0.01	0.0 1.0
6.19	-1.0	-0.01	0.0 0.0
5.81	-1.0	-0.01	1.0 0.0
5.81	-0.19	-0.01	1.0 1.0

TEXTURE 21
5.18	0.81	-1.99	0.0 1.0
5.18	0.0	-1.99	0.0 0.0
4.79	0.0	-1.99	1.0 0.0
4.79	0.81	-1.99	1.0 1.0

TEXTURE 21
4.38	0.81	-1.99	0.0 1.0
4.38	0.0	-1.99	0.0 0.0
4.78	0.0	-1.99	1.0 0.0
4.78	0.81	-1.99	1.0 1.0

TEXTURE 21
9.69	0.81	-0.01	0.0 1.0
9.69	0.0	-0.01	0.0 0.0
9.31	0.0	-0.01	1.0 0.0
9.31	0.81	-0.01	1.0 1.0


TEXTURE 11
6.5  1.0  0 0.0  1.0
6.5  -1.0  0 0.0  0.0
6.5  -1.0  2.5 1  0.0
6.5  1.0  2.5 1  1.0

TEXTURE 11
4.5  1.0  2.5 0.0  1.0
4.5  -1.0  2.5 0.0  0.0
6.5  -1.0  2.5 1  0.0
6.5  1.0  2.5 1  1.0

TEXTURE 11
7.5  1.0  0 0.0  1.0
7.5  -1.0  0 0.0  0.0
7.5  -1.0  2.5 1  0.0
7.5  1.0  2.5 1  1.0

TEXTURE 11
7.5  1.0  2.5 0.0  1.0
7.5  -1.0  2.5 0.0  0.0
6.5  -1.0  2.5 1  0.0
6.5  1.0  2.5 1  1.0

TEXTURE 11
8.5  1.0  0 0.0  1.0
8.5  -1.0  0 0.0  0.0
8.5  -1.0  2.5 1  0.0
8.5  1.0  2.5 1  1.0

TEXTURE 11
7.5  1.0  2.5 0.0  1.0
7.5  -1.0  2.5 0.0  0.0
8.5  -1.0  2.5 1  0.0
8.5  1.0  2.5 1  1.0

TEXTURE 11
10  1.0  0 0.0  1.0
10  -1.0  0 0.0  0.0
10  -1.0  2.5 1  0.0
10  1.0  2.5 1  1.0

TEXTURE 11
8.5  1.0  2.5 0.0  1.0
8.5  -1.0  2.5 0.0  0.0
10  -1.0  2.5 1  0.0
10  1.0  2.5 1  1.0

TEXTURE 11
9.8  1.0  -2 0.0  1.0
9.8  -1.0  -2 0.0  0.0
11.5  -1.0  -2 1  0.0
11.5  1.0  -2 1  1.0

TEXTURE 11
11.5  1.0  1 0.0  1.0
11.5  -1.0  1 0.0  0.0
11.5  -1.0  -2 1  0.0
11.5  1.0  -2 1  1.0

TEXTURE 11
11.5  1.0  1 0.0  1.0
11.5  -1.0  1 0.0  0.0
10  -1.0  1 1  0.0
10  1.0  1 1  1.0

//////////////////////////////////////

TEXTURE 21
5.81	0.81	-0.001	0.0 1.0
5.81	0.0	-0.001	0.0 0.0
6.183	0.0	-0.001	1.0 0.0
6.183	0.81	-0.001	1.0 1.0

TEXTURE 20
6.5  1.0  0 0.0  1.0
6.5  0.0  0 0.0  0.0
7.5  0.0  0 1  0.0
7.5  1.0  0 1  1.0

TEXTURE 21
6.83	0.81	-0.001	0.0 1.0
6.83	0.0	-0.001	0.0 0.0
7.203	0.0	-0.001	1.0 0.0
7.203	0.81	-0.001	1.0 1.0

TEXTURE 20
7.5  1.0  0 0.0  1.0
7.5  0.0  0 0.0  0.0
8.5  0.0  0 1  0.0
8.5  1.0  0 1  1.0

TEXTURE 21
7.83	0.81	-0.001	0.0 1.0
7.83	0.0	-0.001	0.0 0.0
8.203	0.0	-0.001	1.0 0.0
8.203	0.81	-0.001	1.0 1.0

TEXTURE 11
9  1.0  0 0.0  1.0
9  -1.0  0 0.0  0.0
8.5  -1.0  0 1  0.0
8.5 1.0  0 1  1.0

TEXTURE 20
9  1.0  0 0.0  1.0
9  0.0  0 0.0  0.0
10  0.0  0 1  0.0
10  1.0  0 1  1.0


//큐빅 앞 문 
TEXTURE 21
4.83	0.74	-0.001	0.0 1.0
4.83	0.0	-0.001	0.0 0.0
5.203	0.0	-0.001	1.0 0.0
5.203	0.74	-0.001	1.0 1.0



TEXTURE 11
-2.8  1.0  0 0.0  1.0
-2.8  -1.0  0 0.0 0.0
-3.1  -1.0  0 1.5 0.0
-3.1  1.0  0 1.5  1.0

TEXTURE 20
-4.5  1.0  0 0.0  1.0
-4.5  0.0  0 0.0 0.0
-5.5  0.0  0 1 0.0
-5.5  1.0  0 1  1.0

TEXTURE 11
2.8  1.0  0 0.0  1.0
2.8  -1.0  0 0.0 0.0
2.8  -1.0  5 1.5 0.0
2.8  1.0  5 1.5  1.0

TEXTURE 11
-2.8  1.0  5 0.0  1.0
-2.8  -1.0  5 0.0 0.0
-2.8  -1.0  0 1.5 0.0
-2.8  1.0  0 1.5  1.0

TEXTURE 11
-6.0  1.0  5.0 0.0  1.0
-6.0  -1.0  5.0 0.0  0.0
6.0  -1.0  5.0 1.5  0.0
6.0  1.0  5.0 1.5  1.0

TEXTURE 20
5.8  1.0  -2.0 0.0  1.0
5.8  0.0  -2.0 0.0  0.0
3.8  0.0  -2.0 1.0  0.0
3.8  1.0  -2.0 1.0  1.0

TEXTURE 20
5.5  0.0  -2.0 0.0  1.0
5.5  -1.0  -2.0 0.0  0.0
4.5  -1.0  -2.0 1.0  0.0
4.5  0.0  -2.0 1.0  1.0

TEXTURE 21
5.17	-0.19	-1.999	0.0 1.0
5.17	-1.0	-1.999	0.0 0.0
4.803  -1.0	-1.999	1.0 0.0
4.803	-0.19	-1.999	1.0 1.0

TEXTURE 21
2.52	-0.19	-1.999	0.0 1.0
2.52	-1.0	-1.999	0.0 0.0
2.11  -1.0	-1.999	1.0 0.0
2.11	-0.19	-1.999	1.0 1.0


/////////////////////////////////////

//308 왼쪽문틀

TEXTURE 20
-1.1  1.0  -2.0 0.0 1.0
-1.1  0.0  -2.0 0.0 0.0
-3.1   0.0  -2.0 1.0 0.0
-3.1   1.0  -2.0 1.0 1.0

//308 왼쪽문 
TEXTURE 21
-2.503	0.81	-1.999	0.0 1.0
-2.503	0.0	-1.999	0.0 0.0
-2.13	0.0	-1.999	1.0 0.0
-2.13	0.81	-1.999	1.0 1.0

//308 왼쪽문 
TEXTURE 21
-1.744	0.81	-1.999	0.0 1.0
-1.744	0.0	-1.999	0.0 0.0
-2.12	0.0	-1.999	1.0 0.0
-2.12	0.81	-1.999	1.0 1.0

TEXTURE 20
-1.8  0.0  -2.0 0.0 1.0
-1.8  -1.0  -2.0 0.0 0.0
-2.8   -1.0  -2.0 1.0 0.0
-2.8   0.0  -2.0 1.0 1.0

TEXTURE 21
-2.13	-0.19	-1.999	0.0 1.0
-2.13	-1.0	-1.999	0.0 0.0
-2.503	-1.0	-1.999	1.0 0.0
-2.503	-0.19	-1.999	1.0 1.0


//308 오른쪽문틀

TEXTURE 20
1.1  1.0  -2.0 0.0 1.0
1.1  0.0  -2.0 0.0 0.0
3.1   0.0  -2.0 1.0 0.0
3.1   1.0  -2.0 1.0 1.0

//308 오른쪽문틀

TEXTURE 20
1.8  0.0  -2.0 0.0 1.0
1.8  -1.0  -2.0 0.0 0.0
2.8   -1.0  -2.0 1.0 0.0
2.8   0.0  -2.0 1.0 1.0

//308 문사이 벽

TEXTURE 11
1.6  1.0  -2.0 0.0 1.0
1.6  -1.0  -2.0 0.0 0.0
-1.6   -1.0  -2.0 1.0 0.0
-1.6   1.0  -2.0 1.0 1.0

//308 오른쪽문 끝 벽

TEXTURE 11
2.8  1.0  -2.0 0.0 1.0
2.8  -1.0  -2.0 0.0 0.0
4.2   -1.0  -2.0 1.0 0.0
4.2 1.0  -2.0 1.0 1.0

//308 왼쪽문 끝 벽

// 샘마루 및 네넷

TEXTURE 11
-2.8  1.0  -2.0 0.0 1.0
-2.8  -1.0  -2.0 0.0 0.0
-4.2   -1.0  -2.0 1.0 0.0
-4.2   1.0  -2.0 1.0 1.0

TEXTURE 20
-5.8  1.0  -2.0 0.0 1.0
-5.8  0.0  -2.0 0.0 0.0
-3.8   0.0  -2.0 1.0 0.0
-3.8   1.0  -2.0 1.0 1.0

TEXTURE 21
-5.18	0.81	-1.999	0.0 1.0
-5.18	0.0	-1.999	0.0 0.0
-4.79	0.0	-1.999	1.0 0.0
-4.79	0.81	-1.999	1.0 1.0

TEXTURE 21
-4.41	0.81	-1.999	0.0 1.0
-4.41	0.0	-1.999	0.0 0.0
-4.78	0.0	-1.999	1.0 0.0
-4.78	0.81	-1.999	1.0 1.0

////////

TEXTURE 11
-5.5  1.0  -2.0 0.0 1.0
-5.5  -1.0  -2.0 0.0 0.0
-6   -1.0  -2.0 1.0 0.0
-6   1.0  -2.0 1.0 1.0

TEXTURE 11
-6   1.0  -2.0 0.0 1.0
-6   -1.0  -2.0 0.0 0.0
-6   -1.0  -6.0 1.0 0.0
-6   1.0  -6.0 1.0 1.0

//// 308 유리벽(?)시작

TEXTURE 11
0.0  1.0  -6.0 0.0  1.0
0.0  -1.0  -6.0 0.0  0.0
1.0  -1.0  -6.0 1.5  0.0
1.0  1.0  -6.0 1.5  1.0

TEXTURE 11
1.0  1.0  -6.0 0.0  1.0
1.0  -1.0  -6.0 0.0  0.0
2.0  -1.0  -6.0 1.5  0.0
2.0  1.0  -6.0 1.5  1.0

TEXTURE 11
2.0  1.0  -6.0 0.0  1.0
2.0  -1.0  -6.0 0.0  0.0
3.0  -1.0  -6.0 1.5  0.0
3.0  1.0  -6.0 1.5  1.0

TEXTURE 11
3.0  1.0  -6.0 0.0  1.0
3.0  -1.0  -6.0 0.0  0.0
4.0  -1.0  -6.0 1.5  0.0
4.0  1.0  -6.0 1.5  1.0

TEXTURE 11
4.0  1.0  -6.0 0.0  1.0
4.0  -1.0  -6.0 0.0  0.0
5.0  -1.0  -6.0 1.5  0.0
5.0  1.0  -6.0 1.5  1.0


TEXTURE 11
6.0  1.0  -6.0 0.0  1.0
6.0  -1.0  -6.0 0.0  0.0
5.0  -1.0  -6.0 1.5  0.0
5.0  1.0  -6.0 1.5  1.0


TEXTURE 11
-1.0  1.0  -6.0 0.0  1.0
-1.0  -1.0  -6.0 0.0  0.0
0.0  -1.0  -6.0 1.5  0.0
0.0  1.0  -6.0 1.5  1.0

TEXTURE 11
-1.0  1.0  -6.0 0.0  1.0
-1.0  -1.0  -6.0 0.0  0.0
-2.0  -1.0  -6.0 1.5  0.0
-2.0  1.0  -6.0 1.5  1.0

TEXTURE 11
-2.0  1.0  -6.0 0.0  1.0
-2.0  -1.0  -6.0 0.0  0.0
-3.0  -1.0  -6.0 1.5  0.0
-3.0  1.0  -6.0 1.5  1.0

TEXTURE 11
-4.0  1.0  -6.0 0.0  1.0
-4.0  -1.0  -6.0 0.0  0.0
-3.0  -1.0  -6.0 1.5  0.0
-3.0  1.0  -6.0 1.5  1.0

TEXTURE 11
-4.0  1.0  -6.0 0.0  1.0
-4.0  -1.0  -6.0 0.0  0.0
-6.0  -1.0  -6.0 1.5  0.0
-6.0  1.0  -6.0 1.5  1.0

///////////////////////

//308 내부 오른쪽 벽

TEXTURE 11
4.0  1.0  -6.0 0.0 1.0
4.0  -1.0  -6.0 0.0 0.0
4.0  -1.0  -2.0 1.5 0.0
4.0  1.0  -2.0 1.5 1.0

//308 내부 왼쪽 벽

TEXTURE 11
-4.0  1.0  -6.0 0.0 1.0
-4.0  -1.0  -6.0 0.0 0.0
-4.0  -1.0  -2.0 1.5 0.0
-4.0  1.0  -2.0 1.5 1.0


/////////////////////////////////////

// Ceiling 1
TEXTURE 15
-12.0  1.0 -6.0  0.0 20.0
-12.0  1.0  6.0  0.0 0.0
 12.0  1.0  6.0  20.0 0.0
 12.0  1.0 -6.0  20.0 20.0

// Floor 2nd Floor
TEXTURE 14
-6.0  1.001 -2.0   0.0 14.0
-6.0  1.001 6.0    0.0 0.0
 6.0  1.001 6.0    14.0 0.0
 6.0  1.001 -2.0   14.0 14.0


// B1
TEXTURE 11
-2.0  1.0  0 2.0  1.0
-2.0  -1.0  0 2.0 0.0
-0.7  -1.0  0 0.5 0.0
-0.7  1.0  0 0.5  1.0

// B2
TEXTURE 11
 2.0  1.0  0 2.0  1.0
 2.0  -1.0  0 2.0 0.0
 0.7  -1.0  0 0.5 0.0
 0.7  1.0  0 0.5  1.0


// 화장실 벽
TEXTURE 11
-2.0  1.0  0 2.0 1.0
-2.0  -2.0  0 2.0 0.0
-2.0  -2.0  1.2 0.5 0.0
-2.0  1.0  1.2 0.5 1.0

// 화장실 벽
TEXTURE 11
-1.9  1.0  0 2.0 1.0
-1.9  -2.0  0 2.0 0.0
-1.9  -2.0  1.2 0.5 0.0
-1.9  1.0  1.2 0.5 1.0

// 화장실 내부 벽
TEXTURE 11
-2.0  1.0  0.6 2.0 1.0
-2.0  -2.0  0.6 2.0 0.0
-0.7  -2.0  0.6 0.5 0.0
-0.7  1.0  0.6 0.5 1.0

// 화장실 내부 벽
TEXTURE 11
2.0  1.0  0.6 2.0 1.0
2.0  -2.0  0.6 2.0 0.0
0.7  -2.0  0.6 0.5 0.0
0.7  1.0  0.6 0.5 1.0

// 화장실 내부 벽
TEXTURE 11
2.0  1.0  1.2 2.0 1.0
2.0  -2.0  1.2 2.0 0.0
1.9  -2.0  1.2 0.5 0.0
1.9  1.0  1.2 0.5 1.0

// 화장실 내부 벽
TEXTURE 11
-2.0  1.0  1.2 2.0 1.0
-2.0  -2.0  1.2 2.0 0.0
-1.9  -2.0  1.2 0.5 0.0
-1.9  1.0  1.2 0.5 1.0

// D1
TEXTURE 11
5.0  1.0  0 0.0 1.0
5.0  -2.0  0 0.0 0.0
5.0  -2.0  5.0 1.5 0.0
5.0  2.0  5.0 1.5 1.0

// 화장실 바깥 벽
TEXTURE 11
2.0  1.0  0 2.0 1.0
2.0  -2.0  0 2.0 0.0
2.0  -2.0  1.2 0.5 0.0
2.0  1.0  1.2 0.5 1.0

// 화장실 안쪽 벽
TEXTURE 11
1.9  1.0  0 2.0 1.0
1.9  -2.0  0 2.0 0.0
1.9  -2.0  1.2 0.5 0.0
1.9  1.0  1.2 0.5 1.0

// Lower hallway - L
TEXTURE 11
-0.7  1.0  5.0 0.0 1.0
-0.7  -2.0  5.0 0.0 0.0
-0.7  -2.0  0.0 1.0 0.0
-0.7  1.0  0.0 1.0 1.0

// Lower hallway - R
TEXTURE 11
0.7  1.0  5.0 0.0 1.0
0.7  -2.0  5.0 0.0 0.0
0.7  -2.0  0 1.0 0.0
0.7  1.0  0 1.0 1.0


// 화장실 안쪽 가리는 벽
TEXTURE 11
0.7  1.0  2.4 1.0 1.0
0.7  -2.0  2.4 1.0 0.0
1.3  -2.0  2.4 0.0 0.0
1.3  1.0  2.4 0.0 1.0

// 화장실 안쪽 가리는 벽
TEXTURE 11
0.7  1.0  2.5 1.0 1.0
0.7  -2.0  2.5 1.0 0.0
1.3  -2.0  2.5 0.0 0.0
1.3  1.0  2.5 0.0 1.0

// 화장실 안쪽 가리는 벽
TEXTURE 11
1.3  1.0  2.4 1.0 1.0
1.3  -2.0  2.4 1.0 0.0
1.3 -2.0  2.5 0.0 0.0
1.3  1.0  2.5 0.0 1.0


// 화장실 안쪽 가리는 벽
TEXTURE 11
-0.7  1.0  2.4 1.0 1.0
-0.7  -2.0  2.4 1.0 0.0
-1.3  -2.0  2.4 0.0 0.0
-1.3  1.0  2.4 0.0 1.0

// 화장실 안쪽 가리는 벽
TEXTURE 11
-0.7  1.0  2.5 1.0 1.0
-0.7  -2.0  2.5 1.0 0.0
-1.3  -2.0  2.5 0.0 0.0
-1.3  1.0  2.5 0.0 1.0

// 화장실 안쪽 가리는 벽
TEXTURE 11
-1.3  1.0  2.4 1.0 1.0
-1.3  -2.0  2.4 1.0 0.0
-1.3  -2.0  2.5 0.0 0.0
-1.3  1.0  2.5 0.0 1.0


// 화장실 입구 벽
TEXTURE 11
-2.8  1.0  1.9 1.0 1.0
-2.8  -2.0  1.9 1.0 0.0
-2.0  -2.0  1.9 0.0 0.0
-2.0  1.0  1.9 0.0 1.0

// 화장실 입구 벽
TEXTURE 11
-2.8  1.0  1.8 1.0 1.0
-2.8  -2.0  1.8 1.0 0.0
-2.0  -2.0  1.8 0.0 0.0
-2.0  1.0  1.8 0.0 1.0

// 화장실 입구 벽
TEXTURE 11
-2.0  1.0  1.8 1.0 1.0
-2.0  -2.0  1.8 1.0 0.0
-2.0  -2.0  1.9 0.0 0.0
-2.0  1.0  1.9 0.0 1.0

// 화장실 입구 벽
TEXTURE 11
2.8  1.0  1.9 1.0 1.0
2.8  -2.0  1.9 1.0 0.0
2.0  -2.0  1.9 0.0 0.0
2.0  1.0  1.9 0.0 1.0

// 화장실 입구 벽
TEXTURE 11
2.8  1.0  1.8 1.0 1.0
2.8  -2.0  1.8 1.0 0.0
2.0  -2.0  1.8 0.0 0.0
2.0  1.0  1.8 0.0 1.0

// 화장실 입구 벽
TEXTURE 11
2.0  1.0  1.8 1.0 1.0
2.0  -2.0  1.8 1.0 0.0
2.0  -2.0  1.9 0.0 0.0
2.0  1.0  1.9 0.0 1.0
// 화장실
TEXTURE 20
2.0  1.0  1.9 1.0 1.0
2.0  0.0  1.9 1.0 0.0
2.0  0.0  2.9 0.0 0.0
2.0  1.0  2.9 0.0 1.0

// 화장실
TEXTURE 11
2.0  1.0  2.9 1.0 1.0
2.0  -2.0  2.9 1.0 0.0
2.8  -2.0  2.9 0.0 0.0
2.8  1.0  2.9 0.0 1.0

// 화장실
TEXTURE 20
2.0  1.0  3.905 1.0 1.0
2.0  0.0  3.905 1.0 0.0
2.0  0.0  2.905 0.0 0.0
2.0  1.0  2.905 0.0 1.0
// 화장실
TEXTURE 11
2.0  1.0  3.905 1.0 1.0
2.0  -2.0  3.905 1.0 0.0
2.8  -2.0  3.905 0.0 0.0
2.8  1.0  3.905 0.0 1.0
// 화장실
TEXTURE 20
2.0  1.0  3.910 1.0 1.0
2.0  0.0  3.910 1.0 0.0
2.0  0.0  4.910 0.0 0.0
2.0  1.0  4.910 0.0 1.0

// 화장실
TEXTURE 11
2.0  1.0  4.91 1.0 1.0
2.0  -2.0  4.91 1.0 0.0
2.8  -2.0  4.91 0.0 0.0
2.8  1.0  4.91 0.0 1.0

/////

// 화장실
TEXTURE 20
-2.0  1.0  1.9 1.0 1.0
-2.0  0.0  1.9 1.0 0.0
-2.0  0.0  2.9 0.0 0.0
-2.0  1.0  2.9 0.0 1.0

// 화장실
TEXTURE 11
-2.0  1.0  2.9 1.0 1.0
-2.0  -2.0  2.9 1.0 0.0
-2.8  -2.0  2.9 0.0 0.0
-2.8  1.0  2.9 0.0 1.0

// 화장실
TEXTURE 20
-2.0  1.0  3.905 1.0 1.0
-2.0  0.0  3.905 1.0 0.0
-2.0  0.0  2.905 0.0 0.0
-2.0  1.0  2.905 0.0 1.0
// 화장실
TEXTURE 11
-2.0  1.0  3.905 1.0 1.0
-2.0  -2.0  3.905 1.0 0.0
-2.8  -2.0  3.905 0.0 0.0
-2.8  1.0  3.905 0.0 1.0
// 화장실
TEXTURE 20
-2.0  1.0  3.910 1.0 1.0
-2.0  0.0  3.910 1.0 0.0
-2.0  0.0  4.910 0.0 0.0
-2.0  1.0  4.910 0.0 1.0

// 화장실
TEXTURE 11
-2.0  1.0  4.91 1.0 1.0
-2.0  -2.0  4.91 1.0 0.0
-2.8  -2.0  4.91 0.0 0.0
-2.8  1.0  4.91 0.0 1.0

////////////////////////////////
//화장실 세면대
TEXTURE 15
 0.7  0.25 0.0 0.0 1.0
 0.7  0.25 1.0 0.0 0.0
 2.0  0.25 1.0 1.0 0.0
 2.0  0.25 0.0 1.0 1.0

TEXTURE 15
 0.7  0.28 0.0 0.0 1.0
 0.7  0.28 1.0 0.0 0.0
 2.0  0.28 1.0 1.0 0.0
 2.0  0.28 0.0 1.0 1.0

TEXTURE 15
0.7  0.26  1.0 1.0 1.0
0.7  0.28  1.0 1.0 0.0
2.0  0.28  1 0.0 0.0
2.0  0.26 1 0.0 1.0

TEXTURE 15
 0.7  -0.75 0.0 0.0 1.0
 0.7  -0.75 1.0 0.0 0.0
 2.0  -0.75 1.0 1.0 0.0
 2.0  -0.75 0.0 1.0 1.0

TEXTURE 15
 0.7 -0.72 0.0 0.0 1.0
 0.7  -0.72 1.0 0.0 0.0
 2.0  -0.72 1.0 1.0 0.0
 2.0  -0.72 0.0 1.0 1.0

TEXTURE 15
0.7  -0.74  1.0 1.0 1.0
0.7  -0.72  1.0 1.0 0.0
2.0  -0.72  1 0.0 0.0
2.0  -0.74 1 0.0 1.0

//거울 나중에 매핑

TEXTURE 26
0.9  0.38  1.0 1.0 1.0
0.9  0.8  1.0 1.0 0.0
1.8  0.8  1 0.0 0.0
1.8  0.38 1 0.0 1.0

TEXTURE 26
0.9  -0.62  1.0 1.0 1.0
0.9  -0.2  1.0 1.0 0.0
1.8  -0.2  1 0.0 0.0
1.8  -0.62 1 0.0 1.0

//////
TEXTURE 15
 -0.7  0.25 0.0 0.0 1.0
 -0.7  0.25 1.0 0.0 0.0
 -2.0  0.25 1.0 1.0 0.0
 -2.0  0.25 0.0 1.0 1.0

TEXTURE 15
 -0.7  0.28 0.0 0.0 1.0
 -0.7  0.28 1.0 0.0 0.0
 -2.0  0.28 1.0 1.0 0.0
 -2.0  0.28 0.0 1.0 1.0

TEXTURE 15
-0.7  0.26  1.0 1.0 1.0
-0.7  0.28  1.0 1.0 0.0
-2.0  0.28  1 0.0 0.0
-2.0  0.26 1 0.0 1.0

TEXTURE 15
 -0.7  -0.75 0.0 0.0 1.0
 -0.7  -0.75 1.0 0.0 0.0
 -2.0  -0.75 1.0 1.0 0.0
 -2.0  -0.75 0.0 1.0 1.0

TEXTURE 15
 -0.7  -0.72 0.0 0.0 1.0
 -0.7  -0.72 1.0 0.0 0.0
 -2.0  -0.72 1.0 1.0 0.0
 -2.0  -0.72 0.0 1.0 1.0

TEXTURE 15
-0.7  -0.74  1.0 1.0 1.0
-0.7  -0.72  1.0 1.0 0.0
-2.0  -0.72  1 0.0 0.0
-2.0  -0.74 1 0.0 1.0

//거울 나중에 매핑

TEXTURE 26
-0.9  0.38  1.0 1.0 1.0
-0.9  0.8  1.0 1.0 0.0
-1.8  0.8  1 0.0 0.0
-1.8  0.38 1 0.0 1.0

TEXTURE 26
-0.9  -0.62  1.0 1.0 1.0
-0.9  -0.2  1.0 1.0 0.0
-1.8  -0.2  1 0.0 0.0
-1.8  -0.62 1 0.0 1.0

////////////////////////////////

//Far Wall
TEXTURE 11
-0.5  1.0  -6.0 0.0 1.0
-0.5  -1.0  -6.0 0.0 0.0
0.5  -1.0  -6.0 1.5 0.0
0.5  1.0  -6.0 1.5 1.0

// 엘리베이터 왼쪽
TEXTURE 17 // 엘리베이터 바로 보이는 면
0.699  1.0  1.7 1.0 1.0
0.699  0.0  1.7 1.0 0.0
0.699  0.0  0.4 0.0 0.0
0.699  1.0  0.4 0.0 1.0

// 엘리베이터 오른쪽
TEXTURE 17 // 엘리베이터 바로 보이는 면
0.699  1.0  3.3 1.0 1.0
0.699  0.0  3.3 1.0 0.0
0.699  0.0  2.0 0.0 0.0
0.699  1.0  2.0 0.0 1.0

////////////////////////////////////////////////////////

// 책상 윗면
TEXTURE 15
2.5  0.2  -5.8 0.0 1.0
2.5  0.2  -5.0 0.0 0.0
2.8  0.2  -5.0 1.0 0.0
2.8  0.2  -5.8 1.0 1.0

// 책상 왼쪽 면
TEXTURE 15
2.5 0.2 -5.8 0.0 1.0
2.5 0.0 -5.8 0.0 0.0
2.8 0.0 -5.8 1.0 0.0
2.8 0.2 -5.8 1.0 1.0

// 책상 오른쪽 면
TEXTURE 15
2.5 0.2 -5.0 0.0 1.0
2.5 0.0 -5.0 0.0 0.0
2.8 0.0 -5.0 1.0 0.0
2.8 0.2 -5.0 1.0 1.0

// 책상 앞면
TEXTURE 15
2.8 0.2 -5.8 0.0 1.0
2.8 0.0 -5.8 0.0 0.0
2.8 0.0 -5.0 1.0 0.0
2.8 0.2 -5.0 1.0 1.0

// 모니터
TEXTURE 25
2.6 0.38 -5.695 0.0 1.0
2.6 0.38 -5.445 1.0 1.0
2.6 0.2  -5.445 1.0 0.0
2.6 0.2  -5.695 0.0 0.0

// 모니터
TEXTURE 25
2.6 0.38 -5.355 0.0 1.0
2.6 0.38 -5.105 1.0 1.0
2.6 0.2  -5.105 1.0 0.0
2.6 0.2  -5.355 0.0 0.0

//

// 책상 윗면
TEXTURE 15
1.8  0.2  -5.8 0.0 1.0
1.8  0.2  -5.0 0.0 0.0
2.1  0.2  -5.0 1.0 0.0
2.1  0.2  -5.8 1.0 1.0

// 책상 왼쪽 면
TEXTURE 15
1.8 0.2 -5.8 0.0 1.0
1.8 0.0 -5.8 0.0 0.0
2.1 0.0 -5.8 1.0 0.0
2.1 0.2 -5.8 1.0 1.0

// 책상 오른쪽 면
TEXTURE 15
1.8 0.2 -5.0 0.0 1.0
1.8 0.0 -5.0 0.0 0.0
2.1 0.0 -5.0 1.0 0.0
2.1 0.2 -5.0 1.0 1.0

// 책상 앞면
TEXTURE 15
2.1 0.2 -5.8 0.0 1.0
2.1 0.0 -5.8 0.0 0.0
2.1 0.0 -5.0 1.0 0.0
2.1 0.2 -5.0 1.0 1.0

// 모니터
TEXTURE 25
1.9 0.38 -5.695 0.0 1.0
1.9 0.38 -5.445 1.0 1.0
1.9 0.2  -5.445 1.0 0.0
1.9 0.2  -5.695 0.0 0.0

// 모니터
TEXTURE 25
1.9 0.38 -5.355 0.0 1.0
1.9 0.38 -5.105 1.0 1.0
1.9 0.2  -5.105 1.0 0.0
1.9 0.2  -5.355 0.0 0.0

//


// 책상 윗면
TEXTURE 15
1.1  0.2  -5.8 0.0 1.0
1.1  0.2  -5.0 0.0 0.0
1.4  0.2  -5.0 1.0 0.0
1.4  0.2  -5.8 1.0 1.0

// 책상 왼쪽 면
TEXTURE 15
1.1 0.2 -5.8 0.0 1.0
1.1 0.0 -5.8 0.0 0.0
1.4 0.0 -5.8 1.0 0.0
1.4 0.2 -5.8 1.0 1.0

// 책상 오른쪽 면
TEXTURE 15
1.1 0.2 -5.0 0.0 1.0
1.1 0.0 -5.0 0.0 0.0
1.4 0.0 -5.0 1.0 0.0
1.4 0.2 -5.0 1.0 1.0

// 책상 앞면
TEXTURE 15
1.4 0.2 -5.8 0.0 1.0
1.4 0.0 -5.8 0.0 0.0
1.4 0.0 -5.0 1.0 0.0
1.4 0.2 -5.0 1.0 1.0

// 모니터
TEXTURE 25
1.2 0.38 -5.695 0.0 1.0
1.2 0.38 -5.445 1.0 1.0
1.2 0.2  -5.445 1.0 0.0
1.2 0.2  -5.695 0.0 0.0

// 모니터
TEXTURE 25
1.2 0.38 -5.355 0.0 1.0
1.2 0.38 -5.105 1.0 1.0
1.2 0.2  -5.105 1.0 0.0
1.2 0.2  -5.355 0.0 0.0

////

// 책상 윗면
TEXTURE 15
0.4  0.2  -5.8 0.0 1.0
0.4  0.2  -5.0 0.0 0.0
0.7  0.2  -5.0 1.0 0.0
0.7  0.2  -5.8 1.0 1.0

// 책상 왼쪽 면
TEXTURE 15
0.4 0.2 -5.8 0.0 1.0
0.4 0.0 -5.8 0.0 0.0
0.7 0.0 -5.8 1.0 0.0
0.7 0.2 -5.8 1.0 1.0

// 책상 오른쪽 면
TEXTURE 15
0.4 0.2 -5.0 0.0 1.0
0.4 0.0 -5.0 0.0 0.0
0.7 0.0 -5.0 1.0 0.0
0.7 0.2 -5.0 1.0 1.0

// 책상 앞면
TEXTURE 15
0.7 0.2 -5.8 0.0 1.0
0.7 0.0 -5.8 0.0 0.0
0.7 0.0 -5.0 1.0 0.0
0.7 0.2 -5.0 1.0 1.0

// 모니터
TEXTURE 25
0.5 0.38 -5.695 0.0 1.0
0.5 0.38 -5.445 1.0 1.0
0.5 0.2  -5.445 1.0 0.0
0.5 0.2  -5.695 0.0 0.0

// 모니터
TEXTURE 25
0.5 0.38 -5.355 0.0 1.0
0.5 0.38 -5.105 1.0 1.0
0.5 0.2  -5.105 1.0 0.0
0.5 0.2  -5.355 0.0 0.0

////

// 책상 윗면
TEXTURE 15
-0.3  0.2  -5.8 0.0 1.0
-0.3  0.2  -5.0 0.0 0.0
0.0  0.2  -5.0 1.0 0.0
0.0  0.2  -5.8 1.0 1.0

// 책상 왼쪽 면
TEXTURE 15
-0.3 0.2 -5.8 0.0 1.0
-0.3 0.0 -5.8 0.0 0.0
0 0.0 -5.8 1.0 0.0
0 0.2 -5.8 1.0 1.0

// 책상 오른쪽 면
TEXTURE 15
-0.3 0.2 -5.0 0.0 1.0
-0.3 0.0 -5.0 0.0 0.0
0.0 0.0 -5.0 1.0 0.0
0.0 0.2 -5.0 1.0 1.0

// 책상 앞면
TEXTURE 15
0 0.2 -5.8 0.0 1.0
0 0.0 -5.8 0.0 0.0
0 0.0 -5.0 1.0 0.0
0 0.2 -5.0 1.0 1.0

// 모니터
TEXTURE 25
-0.2 0.38 -5.695 0.0 1.0
-0.2 0.38 -5.445 1.0 1.0
-0.2 0.2  -5.445 1.0 0.0
-0.2 0.2  -5.695 0.0 0.0

// 모니터
TEXTURE 25
-0.2 0.38 -5.355 0.0 1.0
-0.2 0.38 -5.105 1.0 1.0
-0.2 0.2  -5.105 1.0 0.0
-0.2 0.2  -5.355 0.0 0.0

////

// 책상 윗면
TEXTURE 15
-1.0 0.2  -5.8 0.0 1.0
-1.0 0.2  -5.0 0.0 0.0
-0.7  0.2  -5.0 1.0 0.0
-0.7  0.2  -5.8 1.0 1.0

// 책상 왼쪽 면
TEXTURE 15
-1.0 0.2 -5.8 0.0 1.0
-1.0 0.0 -5.8 0.0 0.0
-0.7 0.0 -5.8 1.0 0.0
-0.7 0.2 -5.8 1.0 1.0

// 책상 오른쪽 면
TEXTURE 15
-1.0 0.2 -5.0 0.0 1.0
-1.0 0.0 -5.0 0.0 0.0
-0.7 0.0 -5.0 1.0 0.0
-0.7 0.2 -5.0 1.0 1.0

// 책상 앞면
TEXTURE 15
-0.7 0.2 -5.8 0.0 1.0
-0.7 0.0 -5.8 0.0 0.0
-0.7 0.0 -5.0 1.0 0.0
-0.7 0.2 -5.0 1.0 1.0

// 모니터
TEXTURE 25
-0.9 0.38 -5.695 0.0 1.0
-0.9 0.38 -5.445 1.0 1.0
-0.9 0.2  -5.445 1.0 0.0
-0.9 0.2  -5.695 0.0 0.0

// 모니터
TEXTURE 25
-0.9 0.38 -5.355 0.0 1.0
-0.9 0.38 -5.105 1.0 1.0
-0.9 0.2  -5.105 1.0 0.0
-0.9 0.2  -5.355 0.0 0.0

///////////////////////////////////////////

// 책상 윗면
TEXTURE 15
2.5  0.2  -4.6 0.0 1.0
2.5  0.2  -3.8 0.0 0.0
2.8  0.2  -3.8 1.0 0.0
2.8  0.2  -4.6 1.0 1.0

// 책상 왼쪽 면
TEXTURE 15
2.5 0.2 -4.6 0.0 1.0
2.5 0.0 -4.6 0.0 0.0
2.8 0.0 -4.6 1.0 0.0
2.8 0.2 -4.6 1.0 1.0

// 책상 오른쪽 면
TEXTURE 15
2.5 0.2 -3.8 0.0 1.0
2.5 0.0 -3.8 0.0 0.0
2.8 0.0 -3.8 1.0 0.0
2.8 0.2 -3.8 1.0 1.0

// 책상 앞면
TEXTURE 15
2.8 0.2 -4.6 0.0 1.0
2.8 0.0 -4.6 0.0 0.0
2.8 0.0 -3.8 1.0 0.0
2.8 0.2 -3.8 1.0 1.0

// 모니터
TEXTURE 25
2.6 0.38 -4.495 0.0 1.0
2.6 0.38 -4.245 1.0 1.0
2.6 0.2  -4.245 1.0 0.0
2.6 0.2  -4.495 0.0 0.0

// 모니터
TEXTURE 25
2.6 0.38 -4.155 0.0 1.0
2.6 0.38 -3.905 1.0 1.0
2.6 0.2  -3.905 1.0 0.0
2.6 0.2  -4.155 0.0 0.0

//

// 책상 윗면
TEXTURE 15
1.8  0.2  -4.6 0.0 1.0
1.8  0.2  -3.8 0.0 0.0
2.1  0.2  -3.8 1.0 0.0
2.1  0.2  -4.6 1.0 1.0

// 책상 왼쪽 면
TEXTURE 15
1.8 0.2 -4.6 0.0 1.0
1.8 0.0 -4.6 0.0 0.0
2.1 0.0 -4.6 1.0 0.0
2.1 0.2 -4.6 1.0 1.0

// 책상 오른쪽 면
TEXTURE 15
1.8 0.2 -3.8 0.0 1.0
1.8 0.0 -3.8 0.0 0.0
2.1 0.0 -3.8 1.0 0.0
2.1 0.2 -3.8 1.0 1.0

// 책상 앞면
TEXTURE 15
2.1 0.2 -4.6 0.0 1.0
2.1 0.0 -4.6 0.0 0.0
2.1 0.0 -3.8 1.0 0.0
2.1 0.2 -3.8 1.0 1.0

// 모니터
TEXTURE 25
1.9 0.38 -4.495 0.0 1.0
1.9 0.38 -4.245 1.0 1.0
1.9 0.2  -4.245 1.0 0.0
1.9 0.2  -4.495 0.0 0.0

// 모니터
TEXTURE 25
1.9 0.38 -4.155 0.0 1.0
1.9 0.38 -3.905 1.0 1.0
1.9 0.2  -3.905 1.0 0.0
1.9 0.2  -4.155 0.0 0.0
/////

// 책상 윗면
TEXTURE 15
1.1  0.2  -4.6 0.0 1.0
1.1  0.2  -3.8 0.0 0.0
1.4  0.2  -3.8 1.0 0.0
1.4  0.2  -4.6 1.0 1.0

// 책상 왼쪽 면
TEXTURE 15
1.1 0.2 -4.6 0.0 1.0
1.1 0.0 -4.6 0.0 0.0
1.4 0.0 -4.6 1.0 0.0
1.4 0.2 -4.6 1.0 1.0

// 책상 오른쪽 면
TEXTURE 15
1.1 0.2 -3.8 0.0 1.0
1.1 0.0 -3.8 0.0 0.0
1.4 0.0 -3.8 1.0 0.0
1.4 0.2 -3.8 1.0 1.0

// 책상 앞면
TEXTURE 15
1.4 0.2 -4.6 0.0 1.0
1.4 0.0 -4.6 0.0 0.0
1.4 0.0 -3.8 1.0 0.0
1.4 0.2 -3.8 1.0 1.0

// 모니터
TEXTURE 25
1.2 0.38 -4.495 0.0 1.0
1.2 0.38 -4.245 1.0 1.0
1.2 0.2  -4.245 1.0 0.0
1.2 0.2  -4.495 0.0 0.0

// 모니터
TEXTURE 25
1.2 0.38 -4.155 0.0 1.0
1.2 0.38 -3.905 1.0 1.0
1.2 0.2  -3.905 1.0 0.0
1.2 0.2  -4.155 0.0 0.0

///////

// 책상 윗면
TEXTURE 15
0.4  0.2  -4.6 0.0 1.0
0.4  0.2  -3.8 0.0 0.0
0.7  0.2  -3.8 1.0 0.0
0.7  0.2  -4.6 1.0 1.0

// 책상 왼쪽 면
TEXTURE 15
0.4 0.2 -4.6 0.0 1.0
0.4 0.0 -4.6 0.0 0.0
0.7 0.0 -4.6 1.0 0.0
0.7 0.2 -4.6 1.0 1.0

// 책상 오른쪽 면
TEXTURE 15
0.4 0.2 -3.8 0.0 1.0
0.4 0.0 -3.8 0.0 0.0
0.7 0.0 -3.8 1.0 0.0
0.7 0.2 -3.8 1.0 1.0

// 책상 앞면
TEXTURE 15
0.7 0.2 -4.6 0.0 1.0
0.7 0.0 -4.6 0.0 0.0
0.7 0.0 -3.8 1.0 0.0
0.7 0.2 -3.8 1.0 1.0

// 모니터
TEXTURE 25
0.5 0.38 -4.495 0.0 1.0
0.5 0.38 -4.245 1.0 1.0
0.5 0.2  -4.245 1.0 0.0
0.5 0.2  -4.495 0.0 0.0

// 모니터
TEXTURE 25
0.5 0.38 -4.155 0.0 1.0
0.5 0.38 -3.905 1.0 1.0
0.5 0.2  -3.905 1.0 0.0
0.5 0.2  -4.155 0.0 0.0

////
// 책상 윗면
TEXTURE 15
-0.3  0.2  -4.6 0.0 1.0
-0.3  0.2  -3.8 0.0 0.0
0.0  0.2  -3.8 1.0 0.0
0.0  0.2  -4.6 1.0 1.0

// 책상 왼쪽 면
TEXTURE 15
-0.3 0.2 -4.6 0.0 1.0
-0.3 0.0 -4.6 0.0 0.0
0.0 0.0 -4.6 1.0 0.0
0.0 0.2 -4.6 1.0 1.0

// 책상 오른쪽 면
TEXTURE 15
-0.3 0.2 -3.8 0.0 1.0
-0.3 0.0 -3.8 0.0 0.0
0.0 0.0 -3.8 1.0 0.0
0.0 0.2 -3.8 1.0 1.0

// 책상 앞면
TEXTURE 15
0.0 0.2 -4.6 0.0 1.0
0.0 0.0 -4.6 0.0 0.0
0.0 0.0 -3.8 1.0 0.0
0.0 0.2 -3.8 1.0 1.0

// 모니터
TEXTURE 25
-0.2 0.38 -4.495 0.0 1.0
-0.2 0.38 -4.245 1.0 1.0
-0.2 0.2  -4.245 1.0 0.0
-0.2 0.2  -4.495 0.0 0.0

// 모니터
TEXTURE 25
-0.2	 0.38 -4.155 0.0 1.0
-0.2 0.38 -3.905 1.0 1.0
-0.2 0.2  -3.905 1.0 0.0
-0.2 0.2  -4.155 0.0 0.0

//

// 책상 윗면
TEXTURE 15
-1.0  0.2  -4.6 0.0 1.0
-1.0  0.2  -3.8 0.0 0.0
-0.7  0.2  -3.8 1.0 0.0
-0.7  0.2  -4.6 1.0 1.0

// 책상 왼쪽 면
TEXTURE 15
-1.0 0.2 -4.6 0.0 1.0
-1.0 0.0 -4.6 0.0 0.0
-0.7 0.0 -4.6 1.0 0.0
-0.7 0.2 -4.6 1.0 1.0

// 책상 오른쪽 면
TEXTURE 15
-1.0 0.2 -3.8 0.0 1.0
-1.0 0.0 -3.8 0.0 0.0
-0.7 0.0 -3.8 1.0 0.0
-0.7 0.2 -3.8 1.0 1.0

// 책상 앞면
TEXTURE 15
-0.7 0.2 -4.6 0.0 1.0
-0.7 0.0 -4.6 0.0 0.0
-0.7 0.0 -3.8 1.0 0.0
-0.7 0.2 -3.8 1.0 1.0

// 모니터
TEXTURE 25
-0.9 0.38 -4.495 0.0 1.0
-0.9 0.38 -4.245 1.0 1.0
-0.9 0.2  -4.245 1.0 0.0
-0.9 0.2  -4.495 0.0 0.0

// 모니터
TEXTURE 25
-0.9 0.38 -4.155 0.0 1.0
-0.9 0.38 -3.905 1.0 1.0
-0.9 0.2  -3.905 1.0 0.0
-0.9 0.2  -4.155 0.0 0.0

/////

// 책상 윗면
TEXTURE 15
2.5  0.2  -3.4 0.0 1.0
2.5  0.2  -2.6 0.0 0.0
2.8  0.2  -2.6 1.0 0.0
2.8  0.2  -3.4 1.0 1.0

// 책상 왼쪽 면
TEXTURE 15
2.5 0.2 -3.4 0.0 1.0
2.5 0.0 -3.4 0.0 0.0
2.8 0.0 -3.4 1.0 0.0
2.8 0.2 -3.4 1.0 1.0

// 책상 오른쪽 면
TEXTURE 15
2.5 0.2 -2.6 0.0 1.0
2.5 0.0 -2.6 0.0 0.0
2.8 0.0 -2.6 1.0 0.0
2.8 0.2 -2.6 1.0 1.0

// 책상 앞면
TEXTURE 15
2.8 0.2 -3.4 0.0 1.0
2.8 0.0 -3.4 0.0 0.0
2.8 0.0 -2.6 1.0 0.0
2.8 0.2 -2.6 1.0 1.0

// 모니터
TEXTURE 25
2.6 0.38 -3.295 0.0 1.0
2.6 0.38 -3.045 1.0 1.0
2.6 0.2  -3.045 1.0 0.0
2.6 0.2  -3.295 0.0 0.0

// 모니터
TEXTURE 25
2.6 0.38 -2.955 0.0 1.0
2.6 0.38 -2.705 1.0 1.0
2.6 0.2  -2.705 1.0 0.0
2.6 0.2  -2.955 0.0 0.0

///
// 책상 윗면
TEXTURE 15
1.8  0.2  -3.4 0.0 1.0
1.8  0.2  -2.6 0.0 0.0
2.1  0.2  -2.6 1.0 0.0
2.1  0.2  -3.4 1.0 1.0

// 책상 왼쪽 면
TEXTURE 15
1.8 0.2 -3.4 0.0 1.0
1.8 0.0 -3.4 0.0 0.0
2.1 0.0 -3.4 1.0 0.0
2.1 0.2 -3.4 1.0 1.0

// 책상 오른쪽 면
TEXTURE 15
1.8 0.2 -2.6 0.0 1.0
1.8 0.0 -2.6 0.0 0.0
2.1 0.0 -2.6 1.0 0.0
2.1 0.2 -2.6 1.0 1.0

// 책상 앞면
TEXTURE 15
2.1 0.2 -3.4 0.0 1.0
2.1 0.0 -3.4 0.0 0.0
2.1 0.0 -2.6 1.0 0.0
2.1 0.2 -2.6 1.0 1.0

// 모니터
TEXTURE 25
1.9 0.38 -3.295 0.0 1.0
1.9 0.38 -3.045 1.0 1.0
1.9 0.2  -3.045 1.0 0.0
1.9 0.2  -3.295 0.0 0.0

// 모니터
TEXTURE 25
1.9 0.38 -2.955 0.0 1.0
1.9 0.38 -2.705 1.0 1.0
1.9 0.2  -2.705 1.0 0.0
1.9 0.2  -2.955 0.0 0.0

////

// 책상 윗면
TEXTURE 15
1.1  0.2  -3.4 0.0 1.0
1.1  0.2  -2.6 0.0 0.0
1.4  0.2  -2.6 1.0 0.0
1.4  0.2  -3.4 1.0 1.0

// 책상 왼쪽 면
TEXTURE 15
1.1 0.2 -3.4 0.0 1.0
1.1 0.0 -3.4 0.0 0.0
1.4 0.0 -3.4 1.0 0.0
1.4 0.2 -3.4 1.0 1.0

// 책상 오른쪽 면
TEXTURE 15
1.1 0.2 -2.6 0.0 1.0
1.1 0.0 -2.6 0.0 0.0
1.4 0.0 -2.6 1.0 0.0
1.4 0.2 -2.6 1.0 1.0

// 책상 앞면
TEXTURE 15
1.4 0.2 -3.4 0.0 1.0
1.4 0.0 -3.4 0.0 0.0
1.4 0.0 -2.6 1.0 0.0
1.4 0.2 -2.6 1.0 1.0

// 모니터
TEXTURE 25
1.2 0.38 -3.295 0.0 1.0
1.2 0.38 -3.045 1.0 1.0
1.2 0.2  -3.045 1.0 0.0
1.2 0.2  -3.295 0.0 0.0

// 모니터
TEXTURE 25
1.2 0.38 -2.955 0.0 1.0
1.2 0.38 -2.705 1.0 1.0
1.2 0.2  -2.705 1.0 0.0
1.2 0.2  -2.955 0.0 0.0

////
// 책상 윗면
TEXTURE 15
0.4  0.2  -3.4 0.0 1.0
0.4  0.2  -2.6 0.0 0.0
0.7  0.2  -2.6 1.0 0.0
0.7  0.2  -3.4 1.0 1.0

// 책상 왼쪽 면
TEXTURE 15
0.4 0.2 -3.4 0.0 1.0
0.4 0.0 -3.4 0.0 0.0
0.7 0.0 -3.4 1.0 0.0
0.7 0.2 -3.4 1.0 1.0

// 책상 오른쪽 면
TEXTURE 15
0.4 0.2 -2.6 0.0 1.0
0.4 0.0 -2.6 0.0 0.0
0.7 0.0 -2.6 1.0 0.0
0.7 0.2 -2.6 1.0 1.0

// 책상 앞면
TEXTURE 15
0.7 0.2 -3.4 0.0 1.0
0.7 0.0 -3.4 0.0 0.0
0.7 0.0 -2.6 1.0 0.0
0.7 0.2 -2.6 1.0 1.0

// 모니터
TEXTURE 25
0.5 0.38 -3.295 0.0 1.0
0.5 0.38 -3.045 1.0 1.0
0.5 0.2  -3.045 1.0 0.0
0.5 0.2  -3.295 0.0 0.0

// 모니터
TEXTURE 25
0.5 0.38 -2.955 0.0 1.0
0.5 0.38 -2.705 1.0 1.0
0.5 0.2  -2.705 1.0 0.0
0.5 0.2  -2.955 0.0 0.0
///////////////
// 책상 윗면
TEXTURE 15
-0.3  0.2  -3.4 0.0 1.0
-0.3  0.2  -2.6 0.0 0.0
0.0  0.2  -2.6 1.0 0.0
0.0  0.2  -3.4 1.0 1.0

// 책상 왼쪽 면
TEXTURE 15
-0.3 0.2 -3.4 0.0 1.0
-0.3 0.0 -3.4 0.0 0.0
0.0 0.0 -3.4 1.0 0.0
0.0 0.2 -3.4 1.0 1.0

// 책상 오른쪽 면
TEXTURE 15
-0.3 0.2 -2.6 0.0 1.0
-0.3 0.0 -2.6 0.0 0.0
0.0 0.0 -2.6 1.0 0.0
0.0 0.2 -2.6 1.0 1.0

// 책상 앞면
TEXTURE 15
0.0 0.2 -3.4 0.0 1.0
0.0 0.0 -3.4 0.0 0.0
0.0 0.0 -2.6 1.0 0.0
0.0 0.2 -2.6 1.0 1.0

// 모니터
TEXTURE 25
-0.2 0.38 -3.295 0.0 1.0
-0.2 0.38 -3.045 1.0 1.0
-0.2 0.2  -3.045 1.0 0.0
-0.2 0.2  -3.295 0.0 0.0

// 모니터
TEXTURE 25
-0.2 0.38 -2.955 0.0 1.0
-0.2 0.38 -2.705 1.0 1.0
-0.2 0.2  -2.705 1.0 0.0
-0.2 0.2  -2.955 0.0 0.0

/////
// 책상 윗면
TEXTURE 15
-1.0  0.2  -3.4 0.0 1.0
-1.0  0.2  -2.6 0.0 0.0
-0.7  0.2  -2.6 1.0 0.0
-0.7  0.2  -3.4 1.0 1.0

// 책상 왼쪽 면
TEXTURE 15
-1.0 0.2 -3.4 0.0 1.0
-1.0 0.0 -3.4 0.0 0.0
-0.7 0.0 -3.4 1.0 0.0
-0.7 0.2 -3.4 1.0 1.0

// 책상 오른쪽 면
TEXTURE 15
-1.0 0.2 -2.6 0.0 1.0
-1.0 0.0 -2.6 0.0 0.0
-0.7 0.0 -2.6 1.0 0.0
-0.7 0.2 -2.6 1.0 1.0

// 책상 앞면
TEXTURE 15
-0.7 0.2 -3.4 0.0 1.0
-0.7 0.0 -3.4 0.0 0.0
-0.7 0.0 -2.6 1.0 0.0
-0.7 0.2 -2.6 1.0 1.0

// 모니터
TEXTURE 25
-0.9 0.38 -3.295 0.0 1.0
-0.9 0.38 -3.045 1.0 1.0
-0.9 0.2  -3.045 1.0 0.0
-0.9 0.2  -3.295 0.0 0.0

// 모니터
TEXTURE 25
-0.9 0.38 -2.955 0.0 1.0
-0.9 0.38 -2.705 1.0 1.0
-0.9 0.2  -2.705 1.0 0.0
-0.9 0.2  -2.955 0.0 0.0

//// 서버

TEXTURE 11
-3.0  1.0  -6 1.0 1.0
-3.0  0.0  -6 1.0 0.0
-3.0  0.0  -4 0.0 0.0
-3.0  1.0  -4 0.0 1.0

TEXTURE 20
-3.0  1.0  -4 1.0 1.0
-3.0  0.0  -4 1.0 0.0
-4.0  0.0  -4 0.0 0.0
-4.0  1.0  -4 0.0 1.0

TEXTURE 21
-3.67	0.81	-3.999	0.0 1.0
-3.67	0.0	-3.999	0.0 0.0
-3.29	0.0	-3.999	1.0 0.0
-3.29	0.81	-3.999	1.0 1.0

/////////////////////////////


//308 스크린

TEXTURE 23
3.999  1.0  -4.7 0.0 1.0
3.999  0.2  -4.7 0.0 0.0
3.999  0.2  -3.2 1.0 0.0
3.999  1.0  -3.2 1.0 1.0

//308 화이트보드

TEXTURE 24
3.7  0.7  -3.1 0.0 1.0
3.7  0.0  -3.1 0.0 0.0
3.5  0.0  -2.1 1.0 0.0
3.5  0.7  -2.1 1.0 1.0

///////////////////////////////////////////////////////////////////

//Left Statue Bottom side 4
TEXTURE 22
-1.85   1.35   -0.5   0.0 1.0
-1.85   1.0   -0.5   0.0 0.0
-1.85   1.0   -0.35   1.0 0.0
-1.85   1.35   -0.35   1.0 1.0
